   2.0000000e+00   2.6424065e+00  -1.5152884e+00  -1.1140220e+00  -9.7490151e-02  -6.7757792e-02  -8.4801657e-01  -1.2833721e-01  -1.0816994e-01   7.8224079e-01   1.4030389e-01
   2.0000000e+00  -5.7605329e-01  -6.3022943e-01   1.6745408e+00   2.9245501e-01  -8.1848774e-01   4.2526419e-01  -5.9184981e-01   5.9453965e-01   8.8936758e-01  -1.0872803e+00
   2.0000000e+00  -4.4794620e-01  -1.2827352e+00  -1.0250269e-02   1.4670988e+00   4.2684786e-01   2.9853588e-01   1.9218324e-01   5.9645436e-01  -2.6768344e-01   8.8623992e-01
   2.0000000e+00   4.7264255e-01   9.7418270e-01   4.2535167e-01  -1.3433402e+00  -9.8754027e-01  -8.5638861e-01  -1.6795071e-01   2.1870993e-01  -1.3312203e-01  -6.7757138e-01
   2.0000000e+00   5.4021934e-01   6.4689323e-02   1.7863531e-01   3.2824238e-01  -3.8930446e-01  -1.5346678e+00  -1.0003126e+00  -2.4607630e+00  -1.6805902e+00  -2.6420413e-01
   2.0000000e+00   1.2621153e+00  -1.1407612e+00   1.2314200e-01  -3.3342016e-01   7.5957966e-02  -1.1669343e+00   7.8045614e-01   1.1571441e-01  -8.7780061e-01  -1.5323154e+00
   2.0000000e+00   4.2375962e-01  -9.2900140e-02   2.6475333e-01  -1.6005250e+00   6.9770856e-01   8.1439047e-01  -5.6252266e-01  -1.0756591e-01  -1.0290451e+00   5.9028144e-01
   2.0000000e+00   4.8311042e-01   1.8182068e+00  -7.3415108e-02  -7.2331290e-01   2.5607207e+00  -9.8036709e-02   2.9822125e-01  -4.0759580e-01  -5.6752285e-01  -4.0276201e-02
   1.0000000e+00  -2.5621550e+00   8.7323327e-02   4.1669697e-02   3.6391049e-01  -2.1154284e-01  -7.3211698e-01  -3.4996969e-02  -1.0417935e+00   5.5643441e-01   1.9376183e+00
   2.0000000e+00   3.0550247e-01  -3.2629103e-01   5.0742519e-01   6.5341090e-02   2.4152987e+00  -2.7029324e-01  -6.5366084e-02  -2.9017411e-01  -5.6356318e-01   2.7481188e-01
   1.0000000e+00   7.6835488e-01   5.6791261e-01   1.2185471e+00  -7.4481529e-01   1.6916515e+00  -1.8820992e-01   1.2499021e+00   3.4142313e-01   8.3738966e-01  -1.0180908e+00
   2.0000000e+00  -6.5993530e-02  -1.0017764e-01  -2.7194214e-01  -2.8341341e-01  -3.5002605e-01   5.3629213e-01   9.4809517e-01  -2.6971299e-01  -4.4004493e-01   2.2525861e-01
   2.0000000e+00   1.5550518e+00  -4.5023080e-01  -1.3544486e+00  -3.2213683e-01  -1.7280744e-02  -9.4988869e-01  -1.1552715e-01  -2.2939325e-01   2.2456327e-01   6.4099515e-01
   1.0000000e+00  -2.2604044e-01   1.1924267e-01   7.3678553e-01  -5.5322237e-01  -1.5725670e+00  -3.6595161e-01  -2.8345878e-02  -2.1050901e-01  -6.2168061e-01   7.6294349e-01
   2.0000000e+00   4.5530824e-01  -2.8004806e-01   5.7416561e-01   5.8925334e-01  -2.2093352e+00  -3.8729817e-01   9.9440017e-01  -7.8626880e-02  -3.2811277e-02   1.0126177e-01
   1.0000000e+00  -2.4549057e-01   2.8901565e-01  -1.2892756e+00   1.8443217e+00   2.1800024e+00  -6.0350636e-01   1.3027115e+00   1.6742468e+00   1.1239107e-01  -1.6782046e+00
   2.0000000e+00   9.9729850e-01   1.2776902e+00  -8.3795889e-01  -6.5506812e-01  -2.3218698e-01   2.3110219e-01   9.0211468e-01  -4.2328415e-01   5.4991617e-01  -1.6954274e-01
   1.0000000e+00  -1.0661093e+00   6.0601352e-01  -1.2042761e-01   4.9200699e-01   1.6965022e-01   3.8939201e-01  -2.1954211e-01  -5.9849438e-01   4.4518020e-01  -3.3345490e-01
   2.0000000e+00  -1.1064294e+00   2.4130902e+00  -5.8257060e-01  -9.6927407e-01   1.7956389e+00  -1.3031344e+00  -9.7509323e-01  -1.0078165e-01  -1.6005177e+00   6.1585981e-01
   2.0000000e+00   8.0006006e-02   2.1831550e+00   1.3516159e+00   3.0895773e+00   4.5542220e-01   1.9896754e-01  -1.3613370e+00   3.4482829e-01  -3.1715683e-01   1.3702423e+00
   2.0000000e+00   1.8490911e+00  -6.6647822e-01  -9.9181997e-01  -8.6341776e-01  -9.3260350e-01  -1.9548769e-01   1.4856276e+00   7.6576306e-01  -7.7475997e-01  -1.9618340e+00
   2.0000000e+00   1.3225934e+00  -1.7138427e-01  -1.1147912e-01   3.4652257e-01  -1.0186287e+00   2.2366124e+00  -3.7500254e-01   1.9999329e-01  -1.7257867e+00   1.1051753e+00
   2.0000000e+00  -2.1339628e-01  -7.9030929e-01  -1.4703102e+00   1.4633236e+00  -1.6579160e+00  -1.2714084e+00   8.5063740e-01  -1.1206798e-01   1.0364654e+00  -7.3713644e-01
   2.0000000e+00  -3.3401067e-01   1.3358258e+00   5.0125145e-01  -1.3020456e+00   2.1757655e-01   3.6327911e-01   1.6074949e+00   7.4403932e-01   8.5213844e-02   1.6508348e+00
   1.0000000e+00  -2.0006568e-01   1.3055734e-01   1.2493965e-01   1.2655768e+00   1.7641580e+00   4.9611014e-02  -1.8720225e+00  -6.0133184e-01   8.6540618e-01   1.2209032e+00
   2.0000000e+00  -1.9315535e+00  -1.4403005e+00  -2.5586103e-01   1.4006632e+00   6.7245977e-02  -7.2086356e-01  -1.5353228e+00   8.4765718e-02  -6.3319735e-01   6.1269801e-01
   2.0000000e+00  -1.1157566e+00  -4.7569799e-01  -4.5662872e-01  -1.3589497e-01   1.3808530e+00   1.7518381e+00   1.1170406e-01   5.3526247e-01   1.0997420e+00   2.1302451e-01
   2.0000000e+00   9.3247723e-01  -8.9674667e-01   6.7167615e-01   1.5954241e+00  -7.5745615e-01   4.5010023e-01   1.9799698e+00  -1.4795520e+00  -1.6747741e+00  -9.0973175e-01
   2.0000000e+00   1.2349482e+00   3.8532400e-01  -1.0626619e+00  -1.3988609e+00   4.7379312e-01  -2.1993445e+00  -9.4288624e-02  -1.0677716e+00  -1.1367868e+00   9.0075421e-01
   2.0000000e+00  -2.3049891e+00  -1.2937443e+00  -6.1271852e-01   1.6379682e-01   1.8521606e-02  -3.5317380e-01  -5.4033235e-01   7.2895307e-01   2.8558601e-01  -1.7564575e+00
   2.0000000e+00   1.2511605e+00  -5.4123543e-01  -1.6239530e+00   7.8068608e-02  -7.1513775e-01  -1.9678368e+00  -1.9625842e-01   6.9703754e-02   7.5138520e-01   4.7895921e-01
   2.0000000e+00  -2.6104892e-03  -8.3581485e-01   6.7077873e-01  -4.0162573e-01   7.3837606e-01  -8.5765287e-01  -1.3857196e+00   1.4963721e+00   3.3204376e-01  -1.3055000e+00
   2.0000000e+00  -3.0149681e-02  -7.4211122e-01  -6.3938069e-01  -1.6819599e+00  -1.1285548e+00  -1.3260135e+00   2.2818875e-01  -3.8916689e-01  -3.9349748e-01   2.0405404e+00
   2.0000000e+00   1.6666071e+00   1.3499107e+00   1.5601553e+00  -1.9839508e-01  -6.6767878e-01  -1.4499570e+00   3.9124525e-01  -5.1108291e-01  -6.2683538e-01   1.0182264e+00
   2.0000000e+00   6.3777231e-01  -5.3119911e-01  -3.3349155e-01   1.2279271e+00   1.2524484e+00  -1.4751217e+00   4.5394002e-01  -1.4021047e-01  -9.8830773e-01  -1.4967836e+00
   2.0000000e+00  -6.3401284e-01   1.2998733e+00   2.5204473e+00  -9.4942484e-01   6.8586634e-01  -2.6517529e-01   1.6150293e+00  -4.7359968e-01   7.9383208e-01   9.2396742e-01
   2.0000000e+00  -2.8894940e+00  -6.7806726e-01  -8.9378853e-01   2.4729632e+00  -6.6661027e-01  -4.1401471e-01   1.0296726e+00  -4.6005427e-01  -1.5107082e+00  -3.0349350e+00
   2.0000000e+00  -7.3427994e-02   1.6207519e+00   1.3802639e+00  -1.1266884e+00  -1.9643017e+00   1.2014883e+00  -8.8607023e-01   3.8002567e-01  -2.0647419e+00  -4.3466868e-02
   2.0000000e+00   5.7149351e-01  -2.0545276e+00  -1.5346188e+00   1.1009636e+00  -7.2733348e-01  -1.6645532e-01   3.7275368e-01  -1.2633416e+00  -2.3003993e-01  -1.8027957e+00
   2.0000000e+00   6.6666530e-02   1.6007429e+00   1.1129677e+00  -1.0080551e+00  -9.5610018e-01   1.8289956e+00  -7.9387109e-01   2.1968279e+00   1.9285364e-01  -2.8579833e-01
   2.0000000e+00   8.2348852e-01   1.2376711e+00  -9.1480216e-01  -4.2178817e-01   2.2859285e+00  -5.1190027e-01  -1.8032973e+00   7.8439427e-01   2.6768908e-01  -4.5961547e-01
   2.0000000e+00  -1.1908967e+00  -1.4650866e+00  -2.5351678e-01  -4.7929515e-02  -5.0257723e-01  -3.0236554e-01  -5.9251913e-01  -4.2273967e-01  -7.8086277e-01   1.8274604e-01
   1.0000000e+00  -1.0561154e+00   1.2774474e-02  -1.9343492e+00   3.3473933e-01   2.2812059e+00   5.4884940e-03  -6.4874780e-02   1.4625536e+00   1.5682365e+00   4.7065240e-01
   2.0000000e+00  -5.5073823e-01  -1.2038847e+00  -2.8978722e+00  -7.3073168e-01   5.2693592e-01  -8.1029545e-01  -3.4328385e+00   2.2537422e+00   1.4668206e+00  -1.7810280e-02
   2.0000000e+00  -1.4027549e+00  -1.9349922e-01   1.2690994e+00   9.0879757e-01   1.6121621e+00  -1.3609476e+00  -1.6559065e+00   8.9298229e-01  -1.1707485e+00   1.3740043e-01
   1.0000000e+00  -5.6649545e-01   6.3063543e-01   1.7453803e-02   9.1011746e-01  -7.1938041e-01  -1.5025498e-01  -1.7413559e-01  -6.4657937e-02  -3.4818649e-02  -2.3980772e-01
   1.0000000e+00  -4.9287367e-01   7.4905522e-01   4.8776009e-02  -2.8349567e-01   4.9551730e-02  -7.9716138e-02  -1.6946885e-01   1.3273632e+00  -3.3838674e-02  -8.0838954e-01
   1.0000000e+00  -3.2077578e+00   2.2253759e-01   1.0217376e-03  -1.4234125e+00  -1.2799455e+00  -4.7433886e-01   7.3515974e-01  -6.6483300e-01   2.9542943e+00  -1.9271682e+00
   2.0000000e+00   1.1049103e+00   1.8136211e+00   8.6004878e-01  -2.8441304e-02  -1.0922620e+00  -6.4854024e-01  -2.1315091e-01  -6.0015492e-02  -6.9966277e-01  -3.3592225e-01
   2.0000000e+00  -4.9997217e-01  -1.1520305e+00  -7.3539395e-01  -7.0736666e-01  -9.5881969e-01   1.1637436e+00  -1.4658125e+00  -2.2436278e-01   1.1157261e+00  -2.5138599e-01
   2.0000000e+00   4.4027434e-01  -6.2092099e-01  -2.2178175e-01  -1.2264583e+00   1.6445867e+00   1.1051662e-01   3.2190538e-02   2.8726641e-01  -7.2763061e-01  -1.0033401e+00
   2.0000000e+00  -4.7270796e-01   1.6208968e+00  -8.4584695e-01   5.5354734e-01   1.5824514e+00   1.5580738e+00  -1.3501722e+00  -7.7354417e-01  -5.9802754e-01   1.5072811e+00
   2.0000000e+00   9.1095282e-01  -2.9997772e-01  -3.7494803e-01   4.2616973e-01  -1.0242198e+00   7.5677510e-01  -7.7946211e-01  -4.8566812e-01  -4.6147412e-01   7.8688588e-02
   2.0000000e+00   5.4988134e-01  -9.2882274e-01   1.0900326e+00  -6.6316005e-01   1.8166037e-01   1.5886401e+00  -5.9879688e-01  -1.0497305e+00  -6.4737958e-01   1.9422345e+00
   1.0000000e+00  -2.3050816e+00   3.0828526e-01   8.9223020e-01   5.8724918e-01   1.0670743e-02   1.9044727e-01  -7.5076969e-01   1.9389896e+00   1.8673510e+00  -4.1443014e-01
   1.0000000e+00   1.4515767e+00   7.5242091e-01   2.5017571e-01   5.2378700e-01  -7.5033617e-01  -3.7400056e-01  -3.9584205e-01  -5.6636506e-01  -4.3216256e-01  -1.1196548e+00
   2.0000000e+00  -1.3899840e+00  -1.7673869e+00  -1.5905468e+00   7.5612083e-01   1.6298194e+00  -1.5019926e+00   2.7518781e+00   1.8257813e+00  -4.3841851e-01   8.0279233e-01
   1.0000000e+00   1.3890335e+00   2.0074480e-03  -2.5680558e+00   9.4851698e-01  -1.7546128e-02  -8.3442851e-03  -1.8239264e+00   1.1800133e-01   1.8344233e+00  -1.7894485e+00
   2.0000000e+00   1.6524856e+00   8.4294089e-01  -4.9623437e-01  -3.8166530e-01  -1.5583614e+00   1.3964789e+00   7.4056613e-01   1.0970320e+00  -2.0496663e+00  -1.8312608e+00
   2.0000000e+00   1.8828809e+00  -1.2424733e+00   1.2747081e-01   8.3582096e-01  -7.3830538e-02   2.1336546e+00   2.1631108e+00   8.2354446e-01   9.6540860e-01  -2.9417942e-01
   2.0000000e+00   1.6803803e+00  -1.5989176e+00   1.0201368e-01  -1.2525483e+00   1.7649118e+00   7.5240436e-02  -1.4989530e+00  -1.9532427e+00  -1.1503545e+00   8.9154126e-04
   1.0000000e+00  -1.3547852e+00   5.4754004e-01   6.4079578e-02  -2.3242220e-01  -2.9107452e-01  -2.4097203e-01   2.0408538e+00   7.2892991e-01   1.4026085e+00   6.5554674e-01
   2.0000000e+00  -3.2701586e-01   7.5582458e-02  -2.1757594e-01   6.5631742e-01   1.7066275e+00  -1.8261317e+00   1.1539056e+00  -1.3279358e+00  -1.2012333e-01   7.1985531e-01
   2.0000000e+00   2.5736810e+00  -2.4497751e-01   1.1560755e+00  -1.2815959e+00  -1.7792000e-01   2.5617488e+00   1.4982378e+00   4.3664137e-01  -9.5900365e-02  -1.1587139e+00
   2.0000000e+00  -4.5470801e-02   1.4252087e+00   8.9115559e-01   2.6797570e-01   8.5252570e-01   5.1258669e-01  -1.2711246e+00  -2.2593340e-01   4.5337811e-02  -1.2824551e+00
   1.0000000e+00  -2.4371510e-01   6.3560132e-01   3.6953184e-01   5.8200269e-01   1.7600533e+00  -4.0414630e-01  -3.3359786e-01  -2.2922080e-02   9.9652721e-01  -1.0822577e+00
   1.0000000e+00   1.3961312e-01   1.3052133e-01  -2.2895651e-01   1.0482807e+00  -1.0389985e+00  -4.4578095e-01  -1.3763109e+00  -7.3096044e-01  -3.1233562e-01   3.5967294e-01
   1.0000000e+00   1.1618321e+00   5.9019112e-01  -8.9042128e-01  -1.3741826e+00  -8.2098661e-01  -3.7445068e-01  -1.7862772e+00   2.7953282e-01   8.7650879e-01   3.9497880e-01
   2.0000000e+00   7.6102313e-02   1.7253476e+00  -1.4244396e-02  -4.4607132e-02   8.9106004e-01   2.3146561e+00  -1.0547205e-01   1.7672033e+00  -1.3559856e-01  -1.0573285e+00
   1.0000000e+00   8.4667561e-02   6.8101472e-01  -8.9492341e-01  -1.0611343e-01  -5.6503055e-01   5.6386765e-01   8.9095844e-01  -2.3191194e+00   1.1915599e+00   1.0240119e+00
   2.0000000e+00  -1.0032902e+00  -5.2733365e-01   9.0520759e-01   1.7914079e+00  -5.5448868e-01  -8.6543375e-01  -2.7023169e-01  -1.0701714e+00   1.0195546e+00   9.8099071e-02
   2.0000000e+00  -8.4519145e-02   1.2874842e+00   1.3579417e+00   2.5118273e-02  -3.2832171e-01  -3.7383108e-01  -1.3147687e+00  -2.0390950e-01  -1.5918824e+00  -4.2602961e-02
   1.0000000e+00  -2.0177325e-01   8.3023665e-01   1.9268357e+00   1.4322026e+00   3.4085055e-03  -2.3924897e-01  -3.7303318e-01  -9.4410093e-01   2.7458539e-01  -1.8167532e+00
   2.0000000e+00   3.8377786e-01   1.8871894e+00  -2.9161987e-01   5.9583371e-02   7.3391168e-01   1.0536277e+00   3.8378481e-01   2.1173455e-01  -1.3600654e+00  -1.0284705e+00
   2.0000000e+00  -2.6999957e+00   1.3664202e+00  -2.2134131e-01  -3.1232733e-01   1.8600702e-01  -1.7641654e-01   6.5452058e-01   1.7484115e+00  -8.8719299e-02  -9.9530580e-01
   2.0000000e+00  -2.3367383e+00  -1.0592424e+00  -8.4981185e-01  -6.1697549e-01   5.1513064e-01   4.9791752e-01   1.7923927e-01  -1.2940399e+00   6.9772167e-01  -4.4173533e-01
   1.0000000e+00  -3.6435324e-01   5.2127144e-01  -1.0803398e+00  -1.0488278e+00   8.9853805e-01  -2.7313984e-01  -1.9961772e+00   9.2748536e-01  -7.8210601e-01   2.8258368e-02
   2.0000000e+00  -1.0720709e+00  -1.6657102e+00  -2.0394677e+00   1.2186265e+00   2.3680725e-01   6.0781886e-01   6.4592838e-01  -6.0281098e-01  -6.7389912e-02  -6.4826536e-01
   2.0000000e+00  -6.1034027e-01  -8.4513420e-01   2.1261743e-01  -8.3364551e-01   1.4323121e-02   2.3329381e+00  -1.4727206e-01  -2.2459433e-01   1.0474158e+00   6.8152392e-01
   2.0000000e+00   2.0668833e+00  -1.5693328e+00   3.5562875e-01  -1.8122703e+00   5.8397079e-01  -2.4670146e+00  -1.0922225e+00   1.3855296e+00  -5.6832176e-01  -2.2691954e+00
   2.0000000e+00  -1.6250455e+00   7.0644534e-01  -8.1824254e-01  -1.1615243e+00   1.1170201e+00  -6.0952711e-01  -7.0550986e-01  -8.9293737e-01  -1.4085024e+00   3.5423074e-01
   1.0000000e+00   1.1491105e+00   5.4400245e-01   5.4000387e-01  -1.1097710e+00   6.2181946e-01   4.2466986e-01  -2.2706670e-01   1.7507068e+00   1.8368732e-01   1.2086259e+00
   2.0000000e+00   6.0251309e-01  -5.5466385e-01  -7.2707190e-01   1.0895331e+00   2.4202774e-01  -9.5465172e-02   2.3170323e-01  -1.4399262e+00   1.3519207e+00  -4.8197273e-01
   2.0000000e+00  -1.0261149e+00   9.6216026e-01   1.1227568e+00  -1.0545728e+00  -9.0741677e-01   1.3608139e+00  -5.3159417e-01   9.3149655e-01  -5.7025898e-01  -4.9763341e-01
   2.0000000e+00   5.9201190e-01   2.4072575e-01   1.1377065e+00  -4.4733394e-01  -1.0354004e+00  -1.5009527e+00  -2.1309694e-01  -9.0605061e-01   1.0487783e+00  -1.4663581e-01
   1.0000000e+00  -2.6174751e-01   1.4532933e-01   8.1467199e-01  -2.3825157e-01  -3.7091996e-01   6.7715058e-01  -3.3985709e-01  -7.8779076e-01  -2.4715827e+00  -7.0810138e-01
   2.0000000e+00   2.9159364e-01  -5.8377999e-01   1.1938643e-01   1.8814594e+00  -1.7922510e+00   2.0031018e-01  -1.4564033e+00   9.8128882e-02   9.0711534e-01  -2.5255688e-01
   1.0000000e+00  -5.3394193e-01   5.8777499e-01  -1.0305084e+00  -5.1746302e-02  -3.1134998e-01   3.9300837e-02   9.7324124e-02   9.3069361e-01  -3.3464950e-01   5.5999896e-01
   2.0000000e+00  -1.3539865e-02   1.1668526e+00  -1.3158655e-01   5.5784106e-01   3.3383339e-01  -1.0168274e+00  -1.2431913e-01  -8.3551135e-02   2.6683833e-03   8.4136844e-01
   2.0000000e+00  -6.4622005e-01  -1.6360704e+00  -1.6316930e+00  -5.2061405e-01   1.6440059e-01  -4.2657197e-01  -2.5716473e-01  -1.6388121e+00   6.7359826e-01   5.0067849e-01
   2.0000000e+00   6.4375233e-01  -7.1469260e-01   1.4131855e-01   1.6171468e+00  -1.4804950e+00  -1.8667100e+00   1.3796455e-01   1.0854028e+00   5.4434403e-01  -7.3174427e-01
   1.0000000e+00  -9.6970783e-01   4.9997361e-01   1.7860084e-01   2.0537630e+00  -1.0005928e+00   1.3584874e-01  -2.0165094e-01  -1.2474341e-01  -2.2069750e+00  -3.0415375e-01
   2.0000000e+00  -4.9455221e-01   1.0401067e+00  -1.2005107e+00   8.7798179e-01   9.8852860e-01  -1.5118746e+00  -2.6041767e+00   6.9947543e-01   1.6699239e+00  -4.5461512e-01
   2.0000000e+00  -1.5008014e-02  -2.4190481e-01   1.5655137e+00   6.3845904e-01  -3.4994220e-01   7.9647302e-01  -2.0631918e-01  -9.8895551e-03  -4.1005895e-02  -3.5188428e-01
   1.0000000e+00  -9.8148638e-02   7.3563328e-01   6.3841830e-01   8.4706341e-01   1.4815492e+00   4.8692074e-01   1.8937859e-01  -9.4845791e-01   2.9844676e-01  -1.6957101e+00
   2.0000000e+00  -6.3436846e-01   2.3712603e+00  -4.5578381e-01   1.0849930e+00   1.7668596e+00   7.3160987e-01   1.6929649e+00  -1.0073190e+00  -4.2826652e-01   1.2050609e+00
   2.0000000e+00  -1.0475208e+00   7.7450198e-01   1.2318414e+00   9.6293355e-01  -1.2602286e+00  -1.0714746e+00   1.1231428e+00  -2.5739204e-01   3.7541908e-01  -4.8861064e-01
   2.0000000e+00   2.5133813e+00   5.7379808e-01   9.2553798e-02  -2.7041664e-01  -2.6257079e-01   7.8191296e-01  -2.5531922e-01  -8.4270047e-01  -1.9980837e-01   9.2898140e-02
   2.0000000e+00   7.3471436e-01  -6.4741104e-01  -6.2576048e-02   3.8143677e-01   4.1557735e-01   2.1410014e-02  -9.2615011e-01   1.0401929e-03   1.6234267e+00   3.6688333e-01
   2.0000000e+00  -5.8486130e-01   1.3102656e+00  -1.0112121e+00  -5.5775779e-01  -1.8737613e+00   6.0894815e-01  -1.0093606e-01  -1.7153546e+00   1.4914435e-01  -7.4598166e-02
   1.0000000e+00  -1.3883807e+00   5.2567744e-01   1.3111474e+00  -1.7604982e+00   5.9643010e-02  -5.5144599e-01  -5.3955647e-01  -1.3899939e-01   3.4772632e-01   1.8277703e+00
   2.0000000e+00   4.1948772e-01   6.6097092e-01  -4.2433529e-01  -7.7463003e-01  -1.1244261e+00   3.3118177e+00  -2.2984433e+00  -4.7494407e-01   1.6081860e+00  -1.1080959e+00
   2.0000000e+00  -1.6760287e-01  -3.1292538e-01  -5.8369296e-02  -8.7764320e-01   7.2109206e-01  -5.1837658e-01   4.4645869e-01   4.2679428e-02  -3.2071281e-01  -4.7892772e-01
   2.0000000e+00   7.5892900e-01  -1.0479732e+00  -6.5270433e-01   3.8941709e-01   9.0048133e-01  -5.1693250e-01   7.4884310e-01  -5.4892400e-01  -5.2783221e-01   3.5767663e-01
   2.0000000e+00  -9.0455436e-01  -1.0393509e-01   1.8797778e+00  -2.3079100e-01   2.0716162e+00  -1.8532366e-01   3.2343349e-02   2.3892748e+00  -5.7775210e-01  -7.4745388e-01
   1.0000000e+00   6.6767976e-01   6.1870657e-01  -1.2499589e+00   1.6197474e-01  -1.4156987e+00  -2.8170726e-01  -1.0443354e-01   7.9551466e-01  -9.6118893e-01   1.0892609e-01
   2.0000000e+00  -1.4851425e-02   2.8322628e+00  -1.3098956e-01   1.5216433e+00  -1.4556846e+00   6.7233307e-01   1.1114199e+00   5.3137364e-01  -2.0261362e+00  -8.9126165e-01
   1.0000000e+00  -3.0216301e-02   7.6955348e-01   1.6632833e+00  -1.5419996e+00   2.7142061e-02   1.4763384e-01   2.9803270e-01  -6.4080730e-01  -6.6744783e-01   6.9555107e-01
   2.0000000e+00   2.0620961e+00   1.0715908e+00  -9.5777254e-02   7.1516171e-01   6.4528260e-01  -2.3274073e-02  -8.2514156e-01   1.3957311e+00  -5.8133584e-01   2.0778505e-01
   2.0000000e+00   7.1258920e-01  -1.4582123e-01  -6.5038745e-01   8.2163217e-01  -3.4606184e-01  -8.3782086e-01  -5.3829128e-01   1.4514613e+00   1.9200048e+00   5.0285486e-01
   2.0000000e+00   4.8502910e-01  -6.6644745e-01   1.1441595e+00  -4.2020043e-01   1.5121424e+00  -1.0022362e+00  -5.9060521e-01  -4.3818051e-01  -9.9705315e-01  -4.3902614e-01
   2.0000000e+00   1.2488418e-01   1.5181049e+00   1.9359373e+00  -1.4779085e+00  -2.1215994e+00   4.7193129e-01  -6.1933003e-02   2.5958785e+00   2.1905440e+00  -3.2774190e-01
   2.0000000e+00   1.1856493e+00  -9.4314382e-02   1.8322170e+00  -1.3618612e+00   6.7002105e-01   1.0935155e+00  -1.5742784e-01  -1.3413472e+00  -4.3254545e-01  -5.6566159e-01
   2.0000000e+00   1.1905936e+00  -7.3567153e-01   1.3809771e+00  -1.2817420e+00   7.2250821e-01   6.2189355e-01   4.3241253e-01   1.4045578e+00  -8.0668474e-01   1.3353954e+00
   2.0000000e+00   6.0235389e-01  -1.9346398e-01  -5.2896593e-01   9.7746222e-01   1.4309511e+00   1.1643566e+00  -5.1990261e-01  -2.7391176e+00   1.7141654e-01  -6.7068195e-02
   2.0000000e+00   2.1464932e+00  -5.7675275e-01   1.4669608e+00  -2.4772528e-01   2.6474525e-01  -7.7024408e-01  -8.8206611e-01  -3.3432526e-01   1.1505246e+00   1.2260836e+00
   2.0000000e+00   8.6302522e-01   1.0302357e+00   3.4302579e-01  -1.5987270e+00   2.3531541e+00  -2.9656294e+00   1.3177066e-02   1.5602868e+00  -9.4032154e-01   7.8684970e-01
   2.0000000e+00   1.4111812e-01   5.0509884e-01  -1.0798790e-01  -2.7538408e+00  -4.0273846e-02   2.0464569e+00  -4.1469111e-01  -6.8559217e-01  -3.8721568e-01   8.7115124e-01
   2.0000000e+00  -3.4246469e-01   1.3089360e+00   6.2440384e-01   2.3665020e-01  -1.1858307e-01  -2.3729277e-01   1.1159923e+00  -2.4445864e+00  -6.0370746e-01  -4.5025942e-01
   2.0000000e+00  -8.8609054e-01  -9.6758569e-01   1.4126220e+00   5.0523181e-01  -1.7366061e-01   4.3964718e-01  -1.0060641e-01  -2.0914812e+00  -1.7377064e-01   2.2568106e-01
   2.0000000e+00  -2.0189893e-01  -2.2745194e+00  -1.4400428e+00  -4.4623363e-01  -2.3925970e-01   1.1909865e+00   1.0347000e+00   1.3971446e-01  -1.0392149e+00  -9.4143601e-02
   1.0000000e+00   7.0400081e-01   7.4142588e-01  -1.2413620e+00   2.3301320e-01  -2.2005377e-01   2.4522949e-01   8.0646975e-01   6.8611550e-01   7.0565554e-01  -3.7915087e-01
   2.0000000e+00   6.5204008e-01  -1.8845687e-01  -5.6926556e-01   2.6175277e-01   2.9483828e-04  -6.5300760e-01   8.8203157e-01  -8.2247870e-01  -9.1254051e-02   4.4920042e-01
   2.0000000e+00   5.6904028e-01   1.9809061e+00  -5.0503939e-01  -1.0595213e+00  -9.4823043e-01   5.8395623e-02  -2.2121793e-01   1.4059655e+00  -1.1233333e+00   1.6245670e+00
   2.0000000e+00   7.2810436e-02  -1.0927248e+00   6.8310932e-01   4.7708686e-01  -1.1028789e+00  -6.7224769e-01   1.6123950e+00   4.1552902e-01  -9.8151181e-01  -5.5979573e-01
   2.0000000e+00  -1.6883692e+00  -1.2199736e-01   1.8621346e-01  -1.7863684e+00  -3.1440377e-01  -1.6916857e-01  -8.4829534e-01   1.0083731e+00  -1.7872295e-01   7.6694863e-01
   1.0000000e+00   2.6951255e-01   4.6626866e-01  -1.0942980e-01  -3.1736110e-01  -1.6403163e-01  -4.5394244e-01   3.6892630e-01   2.9108293e-01   1.4193669e+00  -9.8119742e-01
   1.0000000e+00   9.4343632e-01   9.7329080e-02  -8.2229945e-01   3.0960873e+00   1.0297762e+00  -1.8529854e-01   1.3967539e+00  -6.1433286e-01  -1.8690038e+00   2.6811601e-01
   1.0000000e+00  -2.3430759e-01   2.2425843e-01   2.6491926e-01   8.8609289e-01  -1.2516296e+00   7.5656940e-01   6.9435885e-01  -1.3122580e+00   2.7379547e-01   1.3170916e+00
   2.0000000e+00   7.3340540e-01  -4.6166413e-01   1.9466666e-01   4.2409977e-01   9.0518045e-01  -1.3060682e+00   1.8875716e+00   3.7285435e-01   1.0281545e+00  -6.2939937e-03
   2.0000000e+00   4.5195006e-01  -3.3384913e-01  -1.2390439e+00  -4.8780297e-01  -1.2099905e+00  -8.8929443e-02  -3.1473073e-01  -3.0645204e-01  -4.2266933e-01  -1.1158730e+00
   2.0000000e+00  -6.0491752e-01   1.9749508e+00  -2.5292962e-01  -1.4344395e+00   1.0800823e+00  -8.5681177e-01  -9.5511709e-02  -1.0554536e+00  -3.1702359e-01   4.7319069e-01
   2.0000000e+00   7.9410734e-01   7.3868800e-01  -2.0316649e+00   1.7378590e+00  -6.3826928e-01  -1.3487191e+00  -1.5920504e+00  -8.5188387e-01   5.1079076e-02  -4.1577324e-01
   2.0000000e+00   9.9656122e-01   1.0008364e+00   3.4717111e-01   5.2891865e-01  -9.0944566e-01   1.1265032e+00  -7.6906308e-01  -6.4222447e-01  -1.0801160e+00  -3.0354668e-01
   2.0000000e+00  -1.0925890e+00  -5.2067749e-01   1.6636229e+00   3.9949555e-01  -1.8743646e+00  -6.6987830e-01  -5.6068860e-01   5.5022737e-01   5.4872671e-01   8.9999336e-02
   1.0000000e+00   4.5961691e-01   2.6660433e-01  -2.4030475e-01  -6.6936046e-01   6.3974948e-02   4.4071105e-01   1.4074930e+00  -1.4412393e+00   5.8248121e-01  -2.7057166e-01
   2.0000000e+00  -5.9842519e-01   7.6506396e-01   3.7871448e-01   7.5764997e-01   2.3515449e-01   1.3881767e+00   1.2226740e+00   1.2666922e-01  -7.5009108e-01  -9.2852007e-02
   1.0000000e+00  -2.9010335e-01   1.1510718e-01  -7.7700577e-01  -1.3725886e+00  -9.2091635e-01  -6.8472363e-01  -4.1774308e-01  -1.1140927e+00  -4.3675553e-01  -2.1021339e-01
   2.0000000e+00  -6.7051668e-01   3.6239234e-01  -1.4276698e-01   7.3932794e-01  -5.8021664e-01  -8.4787234e-01   9.2317513e-01  -6.1464547e-01   9.2021915e-02  -1.2055655e+00
   2.0000000e+00  -5.6890816e-01  -1.2118063e+00   8.2522994e-01  -3.9485455e-02  -2.1790070e-01  -9.7679658e-02   2.9112408e-01   5.1400659e-01   1.2259386e+00   3.7234749e-01
   2.0000000e+00  -7.7554331e-01   1.8276091e+00   2.1852647e-01  -1.3861902e+00  -1.3124833e+00   9.8132809e-01  -7.4626612e-01  -6.7446472e-01   1.2678946e+00  -2.3506592e+00
   2.0000000e+00  -9.1763571e-01  -8.1712155e-01  -1.3791573e-01  -1.2066437e+00   2.5654426e-01  -8.5042558e-01  -4.9428454e-02   1.6661159e-01   4.4812479e-01  -3.1815942e-03
   2.0000000e+00   2.0895610e-01   6.0856807e-01  -8.8653436e-01  -7.5969671e-01  -6.1373943e-01  -1.0207735e+00   1.9503809e+00  -5.4060970e-01   2.1355372e-01  -2.2054009e-02
   1.0000000e+00  -1.5653557e-02   3.1963848e-01   5.7870377e-01   6.8075319e-01   2.5298857e-01  -3.8915650e-01   2.3593530e-01  -8.4281390e-01   1.2692352e+00   1.3917592e-01
   2.0000000e+00   4.4476631e-01  -8.5695658e-01  -5.9223543e-01  -5.7923643e-02   1.9315527e-01  -6.8728372e-01   2.1746451e+00  -1.6125470e+00  -1.3856104e+00   7.6092373e-01
   2.0000000e+00  -1.1908918e+00  -3.5004642e-01  -2.5352850e-01  -1.4402579e-02  -4.8149790e-01   5.5948930e-01  -2.5245515e+00  -1.4385276e+00  -5.0441425e-01  -1.6453862e+00
   2.0000000e+00   1.6426617e+00   5.8271674e-02   6.4115745e-01  -5.6340325e-01  -3.2511958e-01   1.0376602e+00  -2.0538195e+00   4.5911697e-01   3.1456300e-01  -9.2615642e-01
   2.0000000e+00   8.6829470e-01   2.7798995e-01  -1.4549459e+00  -3.6068567e-01   1.3741743e+00   1.6571886e+00   1.5184790e+00   2.9825714e+00   1.0876273e-01  -4.7377268e-01
   2.0000000e+00  -4.0269626e-01   4.6308737e-01   4.9254859e-01  -8.5599013e-02  -5.1532697e-01   5.1317568e-01  -1.5572159e-04  -1.4657769e+00  -1.4847709e+00   2.5263124e+00
   2.0000000e+00   3.1318802e-01  -1.1208863e-01  -1.4852116e+00   5.6490517e-01   9.6981170e-01   1.0920250e+00   1.9212666e-01  -3.2643712e-01   2.5830550e+00   7.1364282e-01
   2.0000000e+00  -8.6100420e-01   8.4483110e-03   1.0103689e+00  -6.4288343e-01   7.2926075e-01   1.0311096e+00   8.2639504e-01  -5.4697660e-01   9.1291151e-01   4.9557999e-01
   2.0000000e+00   2.3978124e-01  -1.1364963e+00   1.0306870e+00   7.3354649e-01  -2.2261123e+00   9.2615696e-01   3.9006251e-01   1.0700148e+00  -1.0345093e+00  -1.4995921e+00
   2.0000000e+00  -4.7942324e-01  -2.3142960e-01   1.2855638e+00  -3.0136002e-01  -1.2739595e+00  -7.7849423e-02  -1.0851253e-01  -8.4637738e-01   3.6988544e-01   5.8413746e-03
   2.0000000e+00  -1.3576745e+00  -2.3617185e-01  -3.2218418e-02  -7.7166643e-01   4.4406124e-01  -7.5680878e-01  -5.3518411e-01   1.8780881e+00  -8.6753437e-01  -9.3747541e-01
   1.0000000e+00  -4.5481551e-02   9.3460770e-02  -1.3938170e-01   9.0197798e-01  -1.1008656e-01   8.1303074e-01  -1.5633099e+00  -4.5424730e-01  -4.5144141e-01   1.4792096e+00
   2.0000000e+00   4.0514549e-01  -1.2148943e+00   7.9436017e-01  -5.5240333e-01  -6.5352870e-01  -2.6806040e-01   2.8778283e-01   6.5108470e-01  -2.1486606e+00  -4.4886494e-01
   2.0000000e+00   1.0229579e+00   2.1138170e-01   8.9882318e-01  -8.6866231e-02  -1.2366569e+00  -1.2983209e+00   2.4059114e+00  -7.7667928e-01  -1.8441097e+00   6.5515938e-01
   1.0000000e+00   1.4306171e+00   3.8712336e-01  -1.9073674e-02   1.1747113e-01  -1.0875845e-01  -7.2683542e-01  -1.6312838e+00   4.6625843e-01  -2.8045274e-01  -1.5527527e+00
   1.0000000e+00  -1.5598475e-01   7.8815044e-01   5.4708087e-01  -8.2193579e-02   1.5944012e+00  -4.3197126e-01   2.2061519e-01   1.6203989e+00   7.0856077e-01  -6.9533276e-03
   2.0000000e+00   6.8950238e-01  -7.6445054e-01  -1.3486435e+00   1.6881128e-01   1.6215820e+00   9.1633176e-01  -1.3598623e+00  -7.3525040e-02  -1.5415941e-01  -7.3623040e-01
   2.0000000e+00  -3.4824072e-01  -5.6106738e-01   3.7650278e-01  -1.3131759e-01   4.1111765e-01  -3.6482191e-01   1.1340460e+00   1.2842667e+00  -6.2267636e-01   1.4936372e+00
   2.0000000e+00  -1.1401733e+00  -1.8292626e+00   1.3275075e+00  -4.2437229e-01  -1.4389009e-01  -1.1795312e+00   7.2025138e-02  -2.7289695e+00  -7.7383388e-01   2.4727554e-01
   2.0000000e+00   1.2621110e+00   2.5078828e+00  -7.0621071e-01   7.3725304e-01  -2.1361705e-01   7.0294442e-01  -2.6051129e-01   4.9537838e-02   8.1293485e-01   4.8641510e-04
   2.0000000e+00  -8.8317282e-01   1.1510461e+00  -1.2787665e+00  -1.2570197e+00   3.9639106e-01  -4.6412889e-01   1.9607078e+00   1.3604468e+00   1.6984918e+00  -2.2759381e-01
   2.0000000e+00  -9.2435496e-01   2.3022656e+00   5.5055008e-01   3.6727614e-01  -9.4455852e-01  -4.9988124e-02  -6.9795400e-03  -9.5671631e-01   5.6573825e-02  -9.3702591e-01
   1.0000000e+00   3.6630213e-01   6.1448115e-01   7.3974105e-01   4.6385028e-01  -1.0523524e+00  -4.4662993e-01  -1.2392872e+00   1.5669827e+00   4.5436173e-01   4.3783439e-01
   2.0000000e+00   3.5898329e-01   1.4454774e-01   4.7821124e-01  -1.0747288e+00  -1.3512963e-01   1.3930262e+00  -3.5672237e-01   3.0658757e-01   3.4963158e-01   5.4228142e-01
   2.0000000e+00   6.6274298e-01  -1.6765413e-02  -7.0592534e-01   4.7100375e-01  -9.4022934e-01  -5.8491510e-01   6.2102583e-01  -2.7906280e-01  -1.0011499e+00   2.4139777e-01
   2.0000000e+00   1.2902523e-01  -1.7396447e-01   2.6107352e-02  -1.2613997e+00   8.4452491e-01   9.8065381e-01   5.8819052e-01   1.0294737e-01   4.2241389e-01   8.6415531e-01
   2.0000000e+00  -1.0480810e+00  -2.9917253e-01  -5.2779715e-02  -1.3411557e-01   2.0886832e-01  -3.8349595e-01  -6.0812396e-01   7.1906775e-01  -2.0230950e-01  -1.4725063e+00
   2.0000000e+00  -8.0027088e-01  -1.3750291e-01  -1.0805226e-02   1.1104743e+00  -3.7185648e-01  -2.5659634e+00  -4.0604957e-01   8.7443093e-01  -4.3221518e-01   9.9794161e-01
   2.0000000e+00  -6.7675146e-02  -1.7123294e+00  -5.3244839e-01   6.9675111e-01  -1.3380677e+00   4.9812930e-02  -1.5200031e-01  -1.2702074e+00  -1.4257036e+00   7.9292530e-01
   2.0000000e+00  -1.0774395e+00   1.9688537e+00  -4.2760838e-01   5.7335629e-01   1.2619824e+00   1.0400976e+00  -1.8121142e+00   5.5322083e-01  -1.2437344e+00   1.6516435e+00
   2.0000000e+00  -3.1376785e-01  -9.8243841e-02   2.9795005e+00   6.4828907e-01   8.1372005e-01   5.5236135e-01  -1.2639889e+00  -3.6278620e-01  -1.1648628e+00  -1.2714367e+00
   2.0000000e+00  -5.7335922e-01   6.3793567e-01  -1.2243292e+00  -9.9621422e-01  -1.7436663e-01   1.4110944e+00  -5.9674930e-01  -1.2977320e+00   7.6755734e-01   2.6926691e-01
   2.0000000e+00  -1.8192025e-01   2.0356631e-02  -2.6360042e-02   2.3540736e-01  -1.2981016e-02  -9.4995705e-01  -3.0608791e-01   9.5135468e-01  -5.2792973e-01   2.9989572e+00
   1.0000000e+00  -1.3634364e+00   7.5821774e-01   1.6408405e-01   4.3930031e-01   1.4533575e+00   2.9848056e-01   1.4399832e+00   5.2554762e-01  -8.1229265e-01  -7.7520342e-01
   2.0000000e+00  -3.4510221e-01  -9.3663232e-01   4.7477777e-01   2.6924970e-01  -1.9071587e-01  -1.4538133e+00   2.2339783e-01  -6.3730204e-02   9.9196995e-01   1.7146916e+00
   2.0000000e+00  -4.6644675e-02  -9.0461707e-01   2.5788098e+00  -6.0020044e-01   6.1675536e-01   4.6023673e-01  -1.4721307e+00  -4.3976456e-01  -7.1112117e-01  -2.0228617e-01
   2.0000000e+00  -8.9259405e-02  -3.0835155e-01  -1.9976647e+00  -1.3333443e+00   2.6411446e-01   8.1160029e-01  -1.6522641e+00  -9.8468980e-01  -2.7601546e-01  -7.3436100e-01
   2.0000000e+00  -1.9938008e-02  -1.0931554e+00   7.8988511e-02   1.2509261e+00  -7.9093076e-02   7.5840738e-01   1.6962926e+00  -4.8021623e-01   5.8413169e-01  -1.4620837e+00
   2.0000000e+00  -1.2827358e+00  -1.5143688e+00   1.0929554e-01  -7.1595608e-01   5.3099696e-01  -3.5884363e-01   1.3648634e+00  -1.3280296e+00   3.5308658e-01   6.7951107e-01
   2.0000000e+00  -9.1016473e-01  -1.4162572e+00  -1.0468261e+00   9.3689698e-01   4.2150215e-01   1.8964107e-01   1.1442911e+00  -1.0167390e+00  -3.6109494e-01   5.8657491e-01
   2.0000000e+00  -1.3814117e+00  -1.3384854e+00  -3.3629920e-03  -1.6256457e-01   1.5277377e+00  -1.9698009e+00  -1.6499921e+00  -9.4291625e-01  -4.0856034e-01   9.9423709e-02
   2.0000000e+00  -1.1019972e-01  -3.2548137e-01   6.4144208e-01   7.0411101e-01   5.5877352e-01   4.3714735e-02  -1.8407528e+00  -3.2654674e-01   5.7895482e-01   9.6697566e-01
   2.0000000e+00  -8.9632428e-01  -4.2282959e-01  -1.0252233e+00   3.2140560e-01   1.0277674e+00   5.6289195e-01   1.9796416e+00   7.4815714e-01   8.7744970e-01   1.2342719e+00
   2.0000000e+00   1.8184965e+00   1.1629666e+00  -8.1618253e-01   9.8983994e-01   6.3410769e-01  -1.7794952e+00  -2.3166197e-02  -1.3395808e+00   3.3091966e-01   1.3460955e+00
   1.0000000e+00  -1.0997994e+00   6.5505951e-01   2.5739866e-01  -2.5812145e+00  -5.2933125e-01   2.3130547e-01   2.0589446e-01   1.0635634e+00  -2.3591238e+00   1.8645622e-01
   2.0000000e+00  -1.3810880e-01   1.1033991e+00  -5.2010690e-01   6.9330001e-01  -1.6212210e+00   1.3972649e+00  -1.0304351e-01   1.1318678e+00  -1.8231247e+00  -3.2819876e-01
   2.0000000e+00  -3.8924931e-01  -5.4859942e-01   1.3475185e-01   2.6430307e-01   6.1894047e-01   2.3295840e-01  -1.3373587e+00   5.4575836e-01  -8.2220622e-01  -1.0124419e+00
   2.0000000e+00   1.3160867e+00  -4.7726142e-01   7.6653623e-01   1.3394586e-01   4.4745332e-03   3.4426654e-01  -1.2826220e+00  -4.3093427e-01   2.6360607e-01   8.9903509e-01
   2.0000000e+00   3.0452591e-01   8.9083634e-01  -4.9500849e-02   1.0015327e+00   2.0569157e-01   1.2782600e+00  -2.0010421e+00  -8.3136719e-01   2.2628685e-01  -2.7223286e-01
   2.0000000e+00   8.0743627e-01  -1.1822944e-01  -9.7089334e-01   8.2491121e-01  -2.0899269e-01  -9.5359544e-01   7.3773948e-01  -8.4273581e-02   4.6260648e-01  -4.5678983e-01
   2.0000000e+00  -2.7349518e-01  -1.8570109e-01  -5.0978306e-01  -8.6227541e-02   1.4213513e-01  -1.1224795e+00  -1.5090790e+00   2.0734457e+00  -3.8551963e-01  -6.2986597e-01
   2.0000000e+00   3.5508083e-01  -2.3705841e+00  -2.9216810e-01   7.3625510e-01  -6.9281758e-01  -3.6652360e-01   3.0825300e-02   4.1709585e-01   1.2372405e-01   6.8238923e-01
   2.0000000e+00  -3.3588310e-01  -7.6367351e-01  -4.0873761e-01   1.2041874e+00  -2.2645528e-01   1.5944985e+00   1.6271535e+00   2.5400638e-01   2.1467963e-01  -5.6038340e-01
   2.0000000e+00   4.7021049e-01  -1.8939363e-01  -1.2425786e+00  -7.4973131e-01   2.1774087e+00  -4.4055623e-02   1.5162520e+00  -1.6012576e+00   8.3725780e-01   1.6128580e+00
   2.0000000e+00  -5.9885633e-01  -1.8381380e+00   2.6944448e-01  -7.8177277e-01  -1.0251009e+00  -3.4418716e-02   7.5950932e-01  -3.1190156e-01  -8.1957207e-02   3.0322774e-01
   2.0000000e+00   8.5345130e-01  -2.0894133e-01   7.0504548e-01  -3.3830352e-01  -1.4391459e+00   2.3291289e-01  -7.3587806e-01  -7.3335482e-01   1.9235384e-01  -4.1476463e-01
   2.0000000e+00   7.8327027e-01   1.1967479e+00  -8.5845710e-01   1.6809461e+00  -4.9918390e-02   3.6372628e-01   1.0961765e+00   6.9713286e-02   8.9392264e-01  -4.4596157e-01
   1.0000000e+00   4.5984031e-01   3.2431398e-02   1.9038563e+00  -2.6555637e-01  -2.1631287e-02   8.0263342e-01   5.9107578e-02  -5.6796216e-02  -3.3246029e-01  -1.0342640e+00
   2.0000000e+00  -1.5384961e-01  -1.3464531e+00   4.5790906e-01  -8.4924072e-01  -4.7308972e-01   1.3805626e+00   2.0219990e+00   1.0370232e+00   9.3052607e-01  -3.9197484e-01
   2.0000000e+00  -3.5138309e-01  -6.9274441e-02   4.5534775e-01   3.9596234e-01   6.6901108e-02   1.7498249e+00  -3.8043172e-01   6.8236313e-01  -5.8470980e-01   2.6429145e-01
   2.0000000e+00  -1.0266634e+00  -1.2738865e+00  -1.0056862e+00  -1.8840812e+00   3.9578765e-01   2.6362144e+00   2.8010302e+00   4.3165302e-01   1.0181206e+00  -1.4659236e+00
   2.0000000e+00  -5.9872631e-03   1.3687489e+00  -2.2377167e+00   7.6508807e-03  -5.7273403e-01  -2.9117200e-01   1.1025525e+00   3.1793284e-02  -5.9708565e-01   1.3165358e+00
   2.0000000e+00   6.8362867e-01   1.7831562e-01  -2.9192672e-01   3.7081417e-01  -1.4845714e+00  -9.8713433e-01  -3.7414349e-01   8.5866989e-01   2.5684806e-02   1.4476702e+00
   2.0000000e+00  -1.2019722e+00  -9.7888079e-01  -4.3251092e-01   1.7050938e-01   2.6666749e-01  -1.1487361e+00  -1.7684820e-01   6.3538026e-01   9.6820990e-01  -6.1802769e-01
   1.0000000e+00  -2.4333664e+00   1.7343298e-01   2.7884351e+00   9.9223570e-01  -1.2689363e-01   5.3863639e-01  -1.5392026e-01  -9.5729800e-01   3.6917099e-01   7.6066986e-01
   1.0000000e+00   1.2230342e+00   4.6283678e-01  -1.1830488e+00   1.1173866e+00   1.1542244e+00   6.0319931e-01  -1.0754823e-01  -9.2445360e-01   1.3951696e+00  -1.4187517e+00
   2.0000000e+00   1.7325490e+00   1.1536500e+00  -1.3555448e+00  -1.2986076e+00  -1.3289992e+00  -1.9762240e-01   2.5176927e-01   7.6847011e-01   1.7311860e+00   2.2732282e-01
   2.0000000e+00   2.2115887e+00   2.3974509e-01  -1.3446864e+00   8.0450334e-01  -9.6432796e-01   1.3255790e+00  -1.7285305e+00  -3.3909330e-01  -1.1866299e-01  -1.0772915e+00
   2.0000000e+00   2.5198057e-01   1.2158062e+00  -4.7141291e-02   1.9713323e+00  -1.1939017e+00  -1.7178516e+00  -7.8901288e-01  -4.9083402e-01   5.2804491e-01  -1.8110417e+00
   2.0000000e+00  -2.2513850e-01  -2.7901428e-01   9.5639443e-01   3.1634383e-01   6.6545609e-01  -9.6112240e-01  -4.4201711e-01   1.2233402e+00  -6.8748668e-01   8.0091419e-01
   2.0000000e+00  -1.4588142e+00   6.6984545e-01   6.9980934e-01   7.9905869e-01  -3.5782849e-01  -2.9199385e+00  -1.1333649e+00  -2.3443773e-01  -4.7874266e-01  -5.3359456e-01
   2.0000000e+00  -1.9146362e+00  -1.6243468e-01  -1.0426144e+00   3.6313624e-01  -2.7317626e-01  -2.2556661e+00   9.8788824e-01   2.7589055e-01  -1.0430930e+00   5.6778344e-01
   2.0000000e+00   1.8619148e-01   1.4945496e+00   1.8310602e+00   3.7862673e-01   5.0619996e-01   8.0006348e-01   4.0067610e-01   3.5231330e-02   2.9380290e-01  -2.0961499e+00
   2.0000000e+00  -6.5849754e-02  -4.7610835e-01  -2.7664724e-01   9.7082264e-01   2.6077952e-01  -9.9398273e-01  -2.4794673e-01   7.9715611e-01  -2.5540259e-01   7.3858049e-01
   2.0000000e+00   1.2629704e+00  -2.3954401e-01   2.2482742e-02  -2.6295623e-01   2.5190514e+00  -3.0264343e+00   1.4780876e+00   4.1620242e-01  -1.9745457e-01  -2.9760269e-01
   2.0000000e+00  -1.5417740e+00   1.3036073e+00   4.3313077e-02   7.2075386e-01  -1.4998392e+00   2.0431296e+00  -3.9200376e-01  -8.1161275e-01   4.9371967e-01  -1.9534681e-01
   2.0000000e+00   2.3112795e+00  -1.1209541e+00  -1.4085137e+00   2.4468103e+00  -5.2072753e-01  -1.4471235e+00   6.7137576e-01  -3.9619568e-01  -2.6745132e+00  -5.0708037e-01
   2.0000000e+00  -2.4358012e-01  -3.3476885e-01  -1.0211075e+00   1.1580807e+00   5.7867007e-01   9.6999821e-02  -1.4769662e+00  -9.9583222e-01   1.0538823e+00   1.1466147e+00
   2.0000000e+00   1.0051765e+00  -1.7857097e+00  -1.0744358e+00   7.0410280e-01  -3.6993705e-01  -9.6729189e-01   1.3915851e+00   1.3812420e+00  -2.9723363e-02  -5.9716986e-02
   1.0000000e+00  -1.4061288e+00   5.9864023e-01   2.6777555e+00   8.1802501e-01   8.9746025e-01  -2.6898641e-02   1.0143179e+00   9.7210824e-01   4.7947465e-01  -2.4577490e-01
   1.0000000e+00   2.2379408e-01   4.6830348e-02   6.1885557e-01   2.5206685e+00   1.1738717e+00   2.6684144e-02   3.3347669e-01   1.1984495e+00   6.6638432e-02  -5.8314868e-01
   2.0000000e+00  -1.4555775e+00   1.8121558e+00  -1.1496132e+00   4.2948490e-01  -1.9718045e-01   6.6561789e-01   1.1763816e+00   2.4334150e+00   1.2172689e+00   1.5797285e-01
   2.0000000e+00   5.9063247e-01  -9.2622528e-01  -3.7540880e-01   7.9850985e-01   4.6072284e-02  -9.0558763e-01  -1.4193970e+00  -1.7962274e+00   2.4676709e-01  -1.1400520e-01
   2.0000000e+00  -2.2568128e-01  -8.0198830e-01  -8.9408430e-02   1.2316933e+00   1.5450419e+00  -6.5021932e-01  -1.3267968e+00  -9.1172813e-01   4.1750553e-01   3.7748546e-02
   2.0000000e+00  -3.2873877e-01  -3.5964568e-01  -7.7236738e-01   1.5936122e-01   2.3825574e-01  -7.4144961e-01  -4.0418764e-01   5.9422511e-01   5.9378770e-01   2.1035317e+00
   2.0000000e+00  -5.8800771e-01   2.0875957e-01   7.7691566e-01   1.4788457e+00   1.2871840e+00  -2.2026065e+00  -3.4314102e-01  -6.7954764e-01  -1.0959213e+00   6.5577852e-01
   2.0000000e+00  -8.0669504e-01   1.4395844e+00   1.6013536e+00   1.0632355e+00   1.2122877e+00  -9.1556595e-01  -1.6940774e+00  -4.6381485e-01  -4.8465304e-01  -4.3268303e-01
   2.0000000e+00  -6.1451952e-01  -1.1777382e+00  -1.3864229e+00   4.8322481e-01   2.0281994e+00  -7.9079464e-01   3.4930376e-01  -7.3646639e-02  -4.5127327e-01   4.6590581e-01
   2.0000000e+00  -1.7550322e+00   8.7917207e-01   6.9405458e-01  -5.7233483e-02  -1.6812298e-01   2.2400445e+00   5.0361499e-02  -1.1343606e+00   2.5126953e-01   5.1255845e-01
   2.0000000e+00   9.8372628e-01   1.2750116e-01  -1.8016665e-01   4.8871983e-01   2.2129652e-01  -9.6846316e-01   1.7966862e+00  -1.4148487e-01  -5.4234894e-01   8.7836737e-01
   2.0000000e+00  -5.9230252e-01  -1.4626856e+00  -6.8401722e-01  -4.6627763e-01   5.5699150e-01   1.4383085e-01  -6.7742582e-01   2.2830951e-01  -1.0024258e+00  -1.4793184e+00
   2.0000000e+00   1.1133851e+00   3.1441658e-02  -4.0455368e-01   9.9802887e-01  -2.6152784e-02   1.2432979e+00  -4.8972748e-01   1.7326640e-01   6.1015063e-01   2.8026451e-01
   2.0000000e+00   1.8634921e+00  -7.0890769e-01   7.4101682e-01   3.9206070e-01  -4.0289209e-01  -7.9068750e-01   4.7878932e-01   5.4004334e-01   3.8551315e-01   6.0832878e-01
   1.0000000e+00   1.2405996e+00   1.5410071e-02   3.6547479e-01  -2.5353435e-01   1.3394819e+00   6.4595761e-01   2.4956672e-01   4.4497725e-01   5.2101993e-01  -2.0712047e-01
   2.0000000e+00  -4.5315170e-01   9.2387343e-01  -1.1794178e+00   6.8815349e-01  -9.9322619e-01  -1.6874302e+00   8.4155276e-01   2.9973826e-01   2.4299597e-02   1.3531070e-01
   2.0000000e+00  -1.2799040e-01  -3.2475095e-02  -2.9836195e-01  -1.7891991e+00  -5.6972205e-01  -1.2170914e+00   9.7510347e-01  -1.4710964e+00   3.6139628e-01  -1.0769215e+00
   2.0000000e+00   4.5441700e-01   1.2905593e+00   3.0040058e-01   1.9772563e-01   3.6886973e-01  -1.5578244e+00  -4.6256927e-01  -7.3294495e-01   3.4229870e-01   8.1689328e-01
   1.0000000e+00   1.2973954e+00   5.1753903e-01  -1.3771916e+00   9.0926305e-02   1.3878690e+00   6.8091272e-01  -1.2275077e+00   4.7940762e-01  -4.4722780e-01   2.2465878e-01
   2.0000000e+00  -6.1885330e-01   1.0371942e+00   1.6364085e+00  -2.3294043e-01  -5.9402622e-01   3.3915639e-01  -1.2190105e+00  -9.9213610e-01  -3.3879545e-01   3.9216018e-01
   2.0000000e+00   8.6409534e-01   1.6756187e+00   7.2948433e-02  -2.0952245e+00  -8.1174719e-01  -9.5571831e-01   2.3411882e+00   8.0067233e-01   2.6886867e-01   6.7961362e-01
   2.0000000e+00   3.0998370e-01   1.5909975e+00  -8.3927040e-01  -1.5873772e+00  -1.2226242e+00   1.9012949e+00   1.3621401e+00   4.5355668e-01  -2.0115984e-01  -9.5188307e-01
   2.0000000e+00  -1.3880941e+00  -6.9096175e-01   6.6353643e-01  -4.5136060e-01  -6.1616577e-01   9.4144547e-01   1.6061288e+00  -2.8991317e-01  -1.0201415e+00   3.1259249e-01
   1.0000000e+00  -8.2455411e-01   4.9501826e-01   1.6119787e-01   7.5559608e-01   3.2444018e-01  -6.7647666e-01  -8.2120258e-01   9.9723095e-01  -8.6059811e-02  -7.1604189e-01
   2.0000000e+00  -9.5866877e-01  -9.1824115e-01  -4.7117396e-01   1.2900547e+00   8.4324147e-01  -1.0870810e+00  -8.5077157e-01   1.4501232e-01   5.8406399e-02   3.9464814e-02
   2.0000000e+00   1.2122704e-01   1.6298124e+00   1.4414058e+00   1.1364489e+00   1.3363008e+00  -4.2854057e-01   8.4936609e-01  -6.0402621e-01  -6.9305972e-01  -3.6191663e-01
   1.0000000e+00   1.3506000e-01   2.6709386e-01   2.6095841e-01  -1.6626512e+00   3.9389923e-01  -3.5664723e-01   7.9840048e-01  -8.8803228e-01   4.3521646e-01  -1.3606658e+00
   2.0000000e+00   1.8000784e+00  -6.7168685e-02   1.1773906e-01  -2.1620357e+00   2.8335391e-01   7.1712525e-01  -6.0516043e-01   1.1951677e+00  -9.0237568e-01   2.1073390e-01
   2.0000000e+00  -1.4613270e-01  -6.7703374e-01  -7.1263439e-01  -5.0623276e-01   7.7532103e-01  -1.7530242e+00   7.1216397e-01  -1.2791662e+00   3.8522145e-01  -1.2011777e+00
   1.0000000e+00  -2.9691611e-01   8.4912216e-01   5.2919422e-01  -9.5843357e-02  -1.0099826e+00  -2.5319482e-01  -2.1206232e-01  -1.6058673e+00  -3.6383771e-02  -3.0351738e-01
   1.0000000e+00   2.0340655e+00   8.9161324e-02   1.1616895e+00   5.8364105e-03  -1.3783099e+00  -2.4274420e-01   1.2322367e+00   4.6885061e-01  -4.8947931e-01   1.6988914e-01
   2.0000000e+00  -2.0534138e+00  -2.1086163e+00  -3.2255268e+00   9.4928959e-01   1.0013160e+00  -1.9482488e-01  -4.5794551e-01   6.6059962e-01  -4.5936618e-01  -1.0716470e+00
   2.0000000e+00   1.5309178e+00   3.8656925e-02   1.0179802e+00   3.0792199e-01  -3.7617409e-01   1.1938827e+00   1.1201364e+00   1.7116230e-01   8.4549162e-03   7.1726721e-01
   2.0000000e+00  -8.4095976e-01   8.8174058e-01  -3.0345003e+00  -1.7331841e+00  -1.7049511e+00   7.8032700e-01  -1.1145067e+00  -5.0741089e-01  -2.1325140e+00   4.2475613e-01
   1.0000000e+00  -5.3631884e-01   2.4823314e-01   2.1841573e-01   8.4364873e-01   3.1372358e-01  -3.4796966e-02  -1.8707178e+00   1.3269552e+00   1.0772367e-02  -3.3471098e-01
   1.0000000e+00   5.7503029e-01   5.5122210e-01   2.9839621e-01  -9.7674068e-01  -1.4305739e+00   1.9591702e-01  -3.0841969e-01   6.8865007e-01  -9.1747364e-01   5.7048185e-01
   2.0000000e+00  -1.9353352e+00  -4.2992686e-01  -6.6528938e-01   1.6182739e-01   8.7773696e-01   4.2556416e-01  -9.8961847e-01   8.8788655e-02   1.0083029e-02   1.3478517e-01
   2.0000000e+00  -2.2779497e-01  -6.8200232e-01  -3.9922514e-01   5.5406884e-01   1.2332904e+00   4.3638097e-02  -2.6602135e-01   1.1564487e+00  -4.9150767e-01   3.8159992e-01
   1.0000000e+00   2.5277654e-01   2.8765303e-01   1.2674031e+00  -2.7478968e-01   4.8599111e-01  -3.4204788e-02   5.3381475e-03  -7.6412638e-01  -7.2198380e-01  -2.0249477e-02
   2.0000000e+00   4.8677844e-02   1.3074335e+00  -1.1633272e+00  -4.1758633e-01  -1.8227931e+00  -7.9424083e-01   5.8499093e-01  -8.1439654e-01  -1.7143955e-01  -1.1519451e+00
   2.0000000e+00   6.5908258e-01  -6.6155478e-01   1.9447370e+00   2.2449349e-01   1.4691278e+00  -1.9003112e+00  -1.6103786e+00  -9.1608324e-02  -2.4396482e-01   1.4338909e+00
   2.0000000e+00  -7.4811071e-01   5.4817188e-01   2.4275480e-01   2.0071822e-01   2.3448230e-01  -9.7573008e-01  -1.1207489e+00   6.5256872e-02  -1.1425409e+00   2.2734694e+00
   2.0000000e+00  -1.0294185e+00  -1.2924846e+00   2.5009984e-01   1.6402451e+00   4.8630850e-01   6.2380391e-01  -1.7449264e+00  -1.0825352e-01  -6.6723892e-01   1.0297474e+00
   1.0000000e+00  -3.2827624e-01   2.9718417e-01   1.1374420e+00  -1.3303783e+00  -4.6561937e-01   7.1148486e-01  -1.2758483e+00   1.4264069e+00  -4.4110710e-01   4.3789947e-01
   2.0000000e+00  -1.5622476e+00  -9.7600939e-01   6.5419376e-01   5.2670746e-01  -1.2097424e+00  -3.5941832e-01  -1.5000625e+00   3.6672892e-01  -1.8819999e-01  -1.6882290e+00
   2.0000000e+00  -1.3573596e+00  -5.6156800e-01  -1.0555288e+00   5.0348175e-01  -7.3253456e-03   1.9930971e+00  -7.3012869e-01  -5.9634027e-01  -6.1948485e-01   9.0250389e-01
   2.0000000e+00   7.9705654e-01  -2.3188799e+00  -1.7234211e+00  -6.3872499e-01  -1.0120134e+00   2.0232718e-01  -3.4492939e-01  -4.1563148e-01  -1.6251965e+00  -4.9269011e-01
   2.0000000e+00  -2.8320672e-01   1.3475725e+00   1.4388457e+00   7.2295070e-01  -4.5721396e-01  -5.9045052e-02  -1.3103957e+00   5.1273866e-01   1.1713320e+00   9.1831912e-01
   2.0000000e+00   1.4048784e+00   1.7478688e+00  -1.3100692e+00  -1.7997020e-01   7.3745769e-01  -4.1260495e-01  -1.6053563e-01  -8.0131355e-01  -1.0290465e+00   2.0618055e-03
   2.0000000e+00   9.0245570e-01   7.8659683e-01  -1.0397114e+00  -3.6026978e-01   2.7416772e+00  -8.3956397e-01   1.6215901e+00   1.3311962e+00  -3.4898347e-01  -2.1034010e-01
   2.0000000e+00   8.2637520e-02  -5.3203450e-01  -6.1330276e-01   2.1903536e-01  -1.1809858e+00  -4.6666701e-01  -7.5093776e-01   3.5463784e-01   1.1897721e+00  -1.0548526e+00
   1.0000000e+00   8.7057442e-02   3.4260396e-01  -1.2064266e+00  -2.0394098e-01  -1.0408915e+00  -2.1886890e-03  -3.4535867e-02  -4.1419370e-01  -5.6387473e-01  -5.1660127e-01
   2.0000000e+00  -2.5781984e-01  -1.2561547e+00  -1.9718092e+00  -1.0668238e+00  -2.3215180e+00  -1.3407885e-01  -2.9708598e+00  -1.1797356e-02  -9.3342639e-02   7.2357645e-01
   2.0000000e+00  -1.0866075e+00  -1.8060077e-01  -1.5204129e+00  -7.0604969e-01   2.2117814e+00  -1.5113282e+00  -6.5044304e-01  -8.5775829e-01  -2.3558650e-01  -1.4933001e+00
   1.0000000e+00   1.3842383e+00   2.1007909e-01  -1.6380098e+00  -3.9120676e-01  -1.9616345e-01  -6.6056368e-01  -1.3415152e+00   6.4335969e-01  -9.3912150e-01  -1.0660358e+00
   2.0000000e+00  -1.3391994e+00   9.1758933e-01  -8.3492021e-01   9.6623081e-01  -9.6174659e-01  -2.3165995e-01  -6.4673246e-01  -6.0783286e-01  -9.0569253e-01  -6.2024372e-01
   2.0000000e+00  -9.8121820e-01  -1.4163114e-02   1.9568068e+00   4.1409077e-02   6.0372179e-01  -5.7459720e-01  -5.7193115e-01   2.0119541e-01  -1.8400760e+00  -4.2115168e-01
   2.0000000e+00  -1.1452475e+00  -6.7291654e-01  -1.6402008e+00  -5.2719650e-01  -1.3939586e+00   3.1468228e-01   1.1913691e+00  -3.3551194e-01  -3.7655594e-02   2.6250751e-01
   1.0000000e+00  -1.5929358e-01   6.2825363e-01  -4.3221194e-03  -3.1871213e-01   6.7950046e-01   4.9796830e-01  -1.6883775e-01   3.2896944e-01  -2.3816670e-01   6.2574899e-02
   1.0000000e+00  -3.1055947e-02   4.5640556e-01  -8.6749492e-01   1.0269820e+00  -5.4585721e-01  -7.0692775e-01   5.0511673e-01   1.2504251e+00  -1.3392769e+00  -1.3197625e+00
   2.0000000e+00  -5.6941123e-01  -2.0406050e+00  -6.5907733e-01   1.0761739e+00   3.6974751e-01   1.2418456e+00  -4.8723474e-01  -1.5198356e+00   1.6775636e-01  -4.1570215e-01
   1.0000000e+00  -1.1740803e+00   3.5823625e-01  -1.4209644e+00  -1.8732936e+00  -1.0827290e+00   6.3730335e-01   1.2696744e+00   7.4498682e-01   1.9975244e+00   1.4851718e+00
   1.0000000e+00   7.1473878e-01   1.7512648e-01   2.5289643e-01  -9.6148458e-04   1.3128216e-01  -2.3136486e-01  -8.8902443e-01   6.0216241e-02   3.6379559e-01   3.5635214e-01
   2.0000000e+00  -6.8340766e-01  -1.1149585e+00  -1.9282082e+00   1.1602508e+00   4.7317213e-01   2.9261950e+00  -1.5494937e+00   9.6336821e-01  -4.0682448e-01  -9.0073276e-01
   2.0000000e+00   7.9697822e-01  -1.1152533e+00  -4.6021998e-01  -1.0218818e+00  -3.2912982e-01   4.9249051e-01  -1.6535670e+00   3.5220615e-01   1.0981812e+00   6.9546780e-01
   2.0000000e+00   1.5736714e+00   1.7330465e+00  -1.7198728e-01   4.5747198e-01  -4.4664644e-01   2.0233473e-02  -9.9169029e-01  -3.5927190e-01   1.1867950e+00  -1.8677286e-01
   1.0000000e+00  -1.0024009e+00   1.9808116e-01   1.8775598e-01   1.5852999e+00  -3.1523189e-01  -6.5182430e-01  -3.1027552e-02   1.7741014e-02   3.5562424e-01   6.0730064e-01
   1.0000000e+00   4.7666659e-01   2.6837175e-01   9.1172071e-01  -4.2943299e-01   1.4005860e+00  -4.3646294e-01  -1.3925086e+00  -7.8033638e-01  -1.7528230e+00   4.3221568e-01
   2.0000000e+00   6.5236250e-03   5.9392262e-01  -1.7763297e+00  -1.0931733e+00   2.9126202e-01  -7.4092849e-01   2.1955847e+00  -1.4856564e+00   1.6418561e-01  -3.4727967e-01
   2.0000000e+00   9.3499829e-01  -1.3593772e-01  -3.2101319e-01  -3.4075077e-01   1.4099950e+00  -1.7364410e+00  -2.6051648e-01  -9.7095593e-01   3.0435798e-01   7.1485207e-01
   2.0000000e+00   5.3913747e-01  -1.3756207e+00  -4.4550961e-04  -4.0692255e-01  -1.8799974e+00  -1.9412016e-03  -8.4037151e-01  -4.5462691e-01  -1.8372415e-01   1.9475393e-01
   2.0000000e+00   3.0411798e-01   1.6688868e+00  -1.1494004e+00  -8.0481840e-01  -1.5015390e+00  -9.8989790e-01  -3.7194588e-01  -1.5241895e+00   1.3683251e+00  -4.5180213e-01
   2.0000000e+00   3.7736988e-01  -1.5738581e+00   6.7058612e-02  -1.2125915e+00   7.7905612e-01   1.1185125e+00  -1.0136041e+00   2.5397695e+00  -4.4717341e-01   9.7796521e-02
   2.0000000e+00   1.1046053e+00  -9.5244401e-01   9.7599555e-01   7.1047238e-01   1.0025998e+00   5.6335424e-01  -3.8514609e-01   6.0862323e-01  -1.7935412e+00  -6.7925881e-02
   2.0000000e+00  -2.2576110e-01   9.2697761e-01   1.0534901e-01   1.2439778e+00   6.6582813e-02  -2.6589550e-01  -3.5727255e-01  -4.3600705e-01   1.4100813e+00  -6.6131335e-01
   1.0000000e+00  -2.5335538e-01   4.2542416e-01  -1.0596992e+00   1.4112292e-01   1.7899609e-01   6.1372618e-01   9.6322917e-01   7.3207574e-01   2.2676441e-02   4.9007426e-01
   2.0000000e+00  -1.4815677e+00   1.0122849e+00  -7.6004770e-02  -5.4535806e-01  -4.3737582e-01  -6.4936917e-01   6.8823642e-01  -9.5143837e-02  -1.0844011e-01   5.8617931e-01
   2.0000000e+00  -4.7385858e-01  -1.2696805e+00   5.2538117e-01   5.4958004e-01  -2.5747175e-01   1.4852208e+00  -7.2999440e-01   7.3476123e-01   3.5227278e-01   5.0453083e-01
   2.0000000e+00   2.3583295e-03   5.5169192e-01   1.3226261e-01  -1.5280687e+00  -6.2945705e-01  -1.9957294e+00  -1.5295173e+00   1.1772071e+00  -6.1415791e-01   7.1033884e-01
   2.0000000e+00   4.3002348e-01  -9.0713015e-01  -1.8120795e+00   7.5537738e-01  -2.1880418e-01  -2.0260810e-01   6.5086464e-01   4.5784048e-01   1.4407339e+00   7.9130349e-01
   2.0000000e+00  -7.6714101e-01   1.0717536e+00   1.2798880e+00  -6.1155896e-01   1.3712154e-01   6.5063507e-01  -9.4173120e-01  -1.3776209e+00  -1.1793026e+00  -1.7469537e+00
   2.0000000e+00  -6.4974500e-01   1.4451201e+00  -9.8458904e-01   1.1576272e+00   1.0297501e+00   2.7689771e+00  -4.2415713e-01  -6.9328720e-01   3.7070532e-02  -8.5070752e-01
   2.0000000e+00   4.1026971e-01   1.2252985e+00   9.6302387e-01  -1.3536240e-01   2.4933067e+00   8.9939974e-01  -7.2120314e-01   4.0358519e-01  -2.1011387e+00  -2.6690823e-02
   2.0000000e+00  -1.5561113e+00  -1.1333769e-01  -1.9685621e-01  -9.1155424e-01   1.0645760e+00  -2.0710137e+00  -9.9733524e-02  -2.1857297e+00  -1.2912596e+00   3.0716159e+00
   2.0000000e+00  -1.4393454e-01   1.5540770e+00   1.2639528e+00   6.2429145e-01  -1.3285145e-01   3.0455821e-01  -1.5551233e+00   1.7239692e+00  -7.0836801e-01   2.9871023e-01
   2.0000000e+00   4.3201632e-01   4.0308380e-01  -1.5305349e+00   7.3119913e-01  -1.0073971e-02   1.3193704e+00  -4.3421281e-01  -4.4853840e-01   5.1163888e-02  -2.2261218e-01
   2.0000000e+00  -2.6694512e-01  -8.5912581e-01  -8.3635298e-01  -1.5837244e+00  -2.6113609e-01   4.9156538e-01  -2.3729852e-01  -2.4428298e-01  -3.4707025e-01   2.2799545e-01
   1.0000000e+00   6.0039360e-01   9.1841044e-03  -1.1447344e+00   2.3285674e-01  -9.1873098e-01   7.2198261e-01  -2.2896088e+00   1.5309445e+00  -4.6105296e-01   1.2905248e+00
   2.0000000e+00   7.4443517e-01   1.1949097e+00  -1.0570605e+00  -5.2995561e-02   6.8981832e-01   5.6402046e-01   2.0563347e+00  -8.6977293e-01  -8.2547970e-01   4.0260208e-01
   2.0000000e+00   2.1829890e-01  -3.4124321e-01  -9.3208708e-01   2.5134866e-01   4.4888814e-01  -6.0120422e-01  -1.2218277e+00   4.8129645e-01   3.2482889e+00   9.0724892e-01
   2.0000000e+00  -8.5536082e-01  -8.0662825e-01  -4.1167913e-01  -6.5074254e-01   1.2180116e+00   6.0738119e-01  -1.3880064e-01  -6.5633665e-01  -9.7136280e-01   1.5603403e-01
   2.0000000e+00  -1.6029500e+00  -1.5732996e-01  -4.4445502e-01  -3.5539650e-01  -6.6713466e-01  -1.1495671e+00  -1.1350483e+00  -8.7214534e-01   1.8528124e+00  -5.6793994e-01
   2.0000000e+00  -4.1645679e-01  -2.9725885e-01   2.5306431e-01  -1.5641322e+00   6.4347031e-01   7.0256615e-01  -1.2760575e+00   9.7486358e-01  -1.8234031e+00  -1.3822309e+00
   2.0000000e+00   2.9154330e-01   1.0323651e+00  -3.7453480e-01   9.8182726e-01  -9.4527607e-01  -7.8863641e-01   1.3095678e+00   6.7745865e-01   1.2504261e+00  -9.6166937e-01
   1.0000000e+00   1.2829737e+00   4.1103531e-01   9.9344474e-02   1.2114051e+00  -1.1884141e+00   3.7304624e-01  -2.5443083e-02   2.9246760e-01  -1.8844085e+00   9.4447892e-01
   2.0000000e+00   1.2523969e+00  -8.6105508e-01  -1.9904920e+00   1.3955919e+00  -5.2352667e-01   7.7150606e-01  -1.7720754e-01  -7.7271240e-01  -2.5306015e-01  -2.7192365e-01
   2.0000000e+00   8.8922662e-01  -9.7729821e-01  -1.0864762e+00  -5.2319421e-02  -2.0730048e+00   1.6296911e+00  -1.0929570e-01   6.7287334e-01  -9.3220121e-01   3.8805920e-01
   2.0000000e+00   1.1412658e+00  -6.6710121e-01   9.0082981e-01  -7.4127879e-01  -3.3706557e-01   5.9237546e-01  -1.6166181e-02   4.0436071e-01   1.4152352e+00   5.4237179e-01
   2.0000000e+00   1.7996717e-01  -3.1303035e-01  -8.5878869e-01  -4.5834833e-01  -3.3052571e-01   1.2192998e+00  -1.8400553e+00  -8.9932900e-01  -1.9689993e+00  -1.0434969e+00
   1.0000000e+00   9.8929683e-01   2.7431437e-01  -4.0516766e-01  -7.7308994e-01  -7.7849519e-01   7.3929569e-01  -8.6449283e-01  -1.1131473e+00  -3.7176442e-01   6.3730581e-01
   2.0000000e+00  -2.2605549e-02  -1.3262803e+00   1.1112461e+00   1.2719603e+00   1.0411097e+00   4.9038573e-02  -1.1510373e+00   1.1181112e+00  -1.3795355e+00  -5.7343063e-01
   2.0000000e+00  -3.3669631e-01   8.7297745e-01  -6.6304794e-01   1.0514383e+00   1.5839954e+00  -1.5094882e+00  -8.4532588e-02  -2.6404984e-01   4.7185583e-01  -1.8539629e-01
   2.0000000e+00   1.1717435e+00   1.5129725e+00  -7.7982994e-01  -5.4597086e-01  -1.6626702e+00  -7.3046209e-01  -7.2624048e-01   1.1368871e-01   5.3549073e-01  -6.9499754e-01
   2.0000000e+00   2.7505495e-01  -6.1314277e-01  -5.5411455e-01   6.6029879e-04   1.4413320e+00  -2.3630108e+00   6.4534133e-01  -8.2606380e-02  -1.0046368e+00   6.2412479e-01
   2.0000000e+00   6.2711420e-01  -7.9516596e-01   1.7058131e-01   2.7783511e-01  -2.6004179e+00  -4.4179191e-01   3.6167447e-01  -5.3372598e-02  -3.0893363e-01  -7.7932832e-01
   2.0000000e+00  -9.7815855e-01  -1.1834803e+00  -5.2320128e-01   6.2960453e-01   8.7086530e-01   2.8140952e-01  -2.3610438e-01  -6.6162903e-01   3.1714341e-01  -7.1644697e-01
   2.0000000e+00  -1.3614502e-01   6.0458171e-01  -1.6333801e-01  -2.2328542e+00   3.6789867e-01  -1.7658316e+00  -2.4034268e-01   8.3161481e-01  -8.3054283e-01  -1.4316357e+00
   2.0000000e+00  -1.7801424e+00   2.5705584e-01   1.3220681e+00  -1.3977839e+00  -1.1001804e+00   1.2815552e+00   9.7520309e-01  -2.4392764e-01  -3.6957433e-02  -1.2591636e-01
   2.0000000e+00   1.1911029e+00   1.7308848e+00  -8.8760234e-03  -6.0612713e-02   5.7363912e-01   1.7872570e-01   4.3544331e-01   1.1252488e+00   5.4883392e-01   1.9336989e-01
   2.0000000e+00  -6.8591016e-01  -1.7843676e-01   1.2501744e+00  -1.6690367e-01   5.4297743e-01  -1.3225261e-01  -1.0778173e+00   1.3481047e+00   1.0981753e-01  -4.7178688e-01
   2.0000000e+00  -5.1894804e-01   9.9730461e-01  -7.6842668e-02   9.9582169e-01  -9.2940803e-01   1.4219840e+00  -1.4873156e-02  -1.5700405e+00  -4.0539102e-01  -4.8513528e-01
   2.0000000e+00  -1.0654986e+00  -1.0104103e+00  -8.0781242e-01  -3.1343260e-01   4.4922761e-01   6.9327259e-01  -1.7397274e+00  -4.6756186e-01  -9.0259435e-01  -3.9119885e-01
   2.0000000e+00   5.4053204e-01  -1.0781208e+00  -3.5484738e-01  -2.8664554e-01  -1.3659553e+00   6.5070385e-01  -8.6692221e-01  -8.3333626e-01   6.0804722e-01   4.2024344e-01
   2.0000000e+00  -3.3092835e-01  -1.1531237e+00   3.8777493e-01   9.0957043e-01   1.0211646e-01   6.8555839e-01   8.2614561e-01  -7.2496003e-01  -2.4903687e-01   1.9417351e-01
   2.0000000e+00   1.0608595e+00  -4.2124614e-01   2.3628170e-01  -5.6895627e-02  -2.1122426e+00   1.3197202e-01  -1.6347401e+00  -1.5470423e-01   9.9561566e-01   2.5953981e-01
   2.0000000e+00  -5.0637402e-01   8.9270451e-01   2.7237326e-01   4.2670987e-01  -9.9237156e-01   1.4039317e+00  -1.5186735e+00  -1.0305327e+00  -1.0313425e+00  -4.7483489e-01
   2.0000000e+00  -1.9199397e+00  -3.4980890e-01   6.0579049e-01   1.9253639e+00  -1.3635765e+00  -6.2769821e-02   2.4907969e-01  -2.6196922e-01  -1.4197379e+00  -7.2340543e-01
   2.0000000e+00  -2.4080032e-01  -1.3966590e+00  -5.7932985e-02   5.1992601e-01  -1.1836966e+00   1.8351119e+00  -6.3890047e-01   6.4290955e-01  -1.3372521e+00  -6.9070196e-01
   2.0000000e+00  -6.1324015e-01  -2.3068178e-01  -1.1397107e+00   1.4017500e+00  -3.8890324e-01  -2.4080464e-01   1.0580311e+00   3.4793516e+00  -3.0058330e-01  -7.9713715e-01
   2.0000000e+00  -1.1893966e+00  -1.0867651e+00   1.7134264e+00  -1.6384562e+00   9.1378714e-01  -5.7220344e-01  -1.9998051e+00   3.2150813e-01   2.8662823e-02   5.7678249e-01
   2.0000000e+00  -7.0028783e-01   1.3589811e+00   4.2760419e-01  -7.0429988e-01  -4.7942148e-02  -1.2149885e-01  -1.6748182e+00  -1.1595888e+00   4.2542875e-01   4.8397696e-02
   2.0000000e+00   5.6217395e-01  -7.6277491e-01  -1.7419313e-01   4.1130652e-01  -1.6682211e+00  -1.7780487e-01  -1.4002975e+00  -1.0480351e+00  -7.9927445e-01  -1.2507802e+00
   2.0000000e+00  -1.1715661e+00   1.9567341e+00   1.5759140e-02  -4.6491129e-01  -1.0675260e-01  -1.0008994e+00   6.0483717e-01  -1.3955681e-01  -9.0130996e-01   1.1674379e+00
   2.0000000e+00  -9.5797512e-01   2.4775881e-01  -1.0031424e+00   4.9100604e-01   9.1607362e-01   1.5872881e+00   8.3181689e-02   6.3026523e-01  -2.9687570e+00  -5.7990700e-01
   2.0000000e+00   1.0275468e+00  -7.5550100e-01   1.3588042e+00   4.8379412e-01  -1.3612966e+00   9.5667997e-01  -9.4704165e-01  -4.3622115e-01   9.2470760e-01   1.8909028e+00
   1.0000000e+00   1.2946368e-02   3.0293619e-01  -9.9382104e-01   6.4389952e-01  -9.2902233e-02  -5.7599636e-01   6.8091883e-01   1.7343836e-01  -1.8010720e+00   2.2970047e-01
   2.0000000e+00  -1.1700234e-02   1.7911818e+00  -7.9244289e-02   8.0943612e-01   4.5320506e-01   6.3007981e-01   5.1109920e-01   3.9777548e-01  -2.3577386e-01  -1.1721517e+00
   2.0000000e+00  -1.1877174e+00  -1.3508455e+00   4.3862562e-01  -9.3378224e-01   3.7524646e-01   4.5712185e-01  -1.2152547e+00  -1.9565862e+00   1.1453403e+00   1.9328899e+00
   2.0000000e+00  -2.0157110e-01   9.7931896e-02  -4.0318953e-02  -1.4197978e+00  -3.5629305e+00  -3.2778396e+00   1.5538429e-01  -3.2489514e-01  -5.0436686e-01  -7.5605626e-01
   2.0000000e+00   1.0335070e-02   7.9613810e-02  -3.5033414e+00  -7.5819240e-01   1.0808459e+00   1.2664389e+00  -7.8848885e-01  -1.5198320e+00   8.9297019e-01  -8.3281005e-02
   2.0000000e+00  -2.3380652e+00  -5.0484853e-02  -3.6509647e-01  -5.1367900e-01  -1.8676673e+00  -5.4404372e-01  -7.8841054e-01  -7.1910577e-02   1.1764153e+00  -1.0098526e+00
   2.0000000e+00  -8.2421499e-01   3.7998348e-01   9.7589828e-02   2.3018527e+00  -3.4870135e-01  -1.6065308e+00   8.3342603e-01  -1.1668908e+00  -1.7452399e-02   5.0733931e-01
   2.0000000e+00   3.4134088e-01   1.4346989e+00   2.6993316e-01  -1.0032709e+00   5.1659334e-01   1.6041289e-01   9.7599762e-02   8.1913027e-02  -1.2220597e+00   4.4299965e-01
   2.0000000e+00   2.6504851e-01  -2.7918087e-01   8.1951024e-01   1.8353048e-02   1.2868220e-01  -1.0106438e-01   1.0546361e-01  -1.6557891e+00   1.4773354e+00  -9.4478036e-01
   2.0000000e+00   1.5017669e+00  -7.3465555e-01   1.8621176e+00  -1.0343489e+00  -8.1245451e-01  -8.2894510e-02   7.4316529e-02  -1.8340913e-01  -1.2260148e-01   8.6447392e-02
   2.0000000e+00   6.1962630e-02   3.5122205e-01  -4.3712230e-01  -3.8447675e-02   7.9981037e-01   1.8091044e+00  -1.2365472e+00  -5.8031442e-01   3.8620578e-01   3.1934154e-01
   2.0000000e+00   6.0023363e-01  -5.2561785e-01   2.3863971e-01  -8.8735147e-01   1.4601372e+00  -4.9227541e-01   8.2249178e-01   2.0039160e-01   1.1295261e+00   2.4422237e-01
   2.0000000e+00  -6.9787357e-01  -1.1041275e+00   6.9855243e-01  -5.5726441e-01   2.4217281e-01  -6.9573709e-02  -7.5065249e-01   1.8260033e+00   9.5473476e-02  -3.5663804e-01
   2.0000000e+00  -1.2078511e+00  -1.0212727e+00   1.5457610e+00   7.6281140e-01   1.1743720e+00   8.2468374e-01   4.3340147e-01  -7.7413463e-01  -1.8504184e+00   1.9206014e+00
   1.0000000e+00   3.9173193e-01   1.2232068e-01  -1.9108428e-01   1.0027057e+00   2.9734807e-01   1.1873487e-01   1.4940725e+00   6.8169520e-02  -1.7585926e-01  -3.2257558e-01
   2.0000000e+00  -3.1267144e-02  -5.4947632e-01   5.6198050e-01   9.8083092e-02   1.1186657e+00  -1.3096167e+00  -1.5438654e-01   2.5040735e+00   2.2323666e+00   5.8380039e-01
   2.0000000e+00  -8.6683102e-02   5.4640501e-01  -7.0067529e-01   8.0084217e-01  -2.9663733e-01   1.3750442e+00   6.7955965e-01  -5.6996372e-01  -1.1434267e+00   1.7038805e+00
   2.0000000e+00  -6.8690565e-01  -5.4095614e-01   1.7724568e+00  -4.0802172e-01   8.5137550e-01  -2.0342622e+00  -1.1537366e-02   2.2800776e-01  -5.2930966e-01   3.9588782e-04
   2.0000000e+00   1.5538510e+00   1.1190321e-01  -1.2020035e+00   1.3779742e+00   2.0224798e-01  -2.4941886e+00   5.3903564e-01  -1.6405917e+00  -5.8026637e-02   8.7698487e-01
   2.0000000e+00  -1.7225675e+00   5.7738057e-01  -3.7787723e-01   9.2743959e-01  -9.8900022e-01   1.3019093e+00   3.9108692e-01   3.6333323e-02   2.6316743e-01   3.1753590e-01
   2.0000000e+00   2.6913097e-01   5.6919344e-01   9.5082538e-01   1.0297651e+00  -2.4383275e-02   9.7395248e-01  -1.2251779e-01  -3.1210072e-04  -1.8959912e+00   2.1303832e+00
   1.0000000e+00   1.1398524e+00   8.4355084e-02   1.1128245e+00  -1.6282117e+00   4.8536789e-01  -5.4390540e-01   4.8371206e-01  -2.9462785e-01  -1.3816850e+00  -1.5803846e+00
   2.0000000e+00   7.8142106e-01  -2.0819103e-01  -1.6723855e-01  -9.7391957e-01  -6.1481931e-01   7.4925913e-01  -1.3309781e+00   1.4156488e+00  -6.7798211e-01  -1.2329037e+00
   2.0000000e+00  -1.4324046e+00  -3.8416154e-01  -2.2751463e-01  -6.8208937e-02  -2.4598216e-02  -1.6654486e+00   1.3501770e+00  -2.1266121e-01  -5.9292265e-01  -7.4878695e-01
   2.0000000e+00   4.3303350e-01  -9.5368444e-02   1.8013772e+00   8.2086518e-01   2.3948017e-01  -1.3068855e-01   2.9212912e-01   1.4648417e-01   1.5461290e-01  -1.0794792e-01
   2.0000000e+00   7.4779470e-01   2.1722815e+00   1.7175139e+00   7.7088358e-01  -1.9734584e-01   3.3588683e-01  -7.6883071e-01   8.6814315e-01   2.3739836e+00  -6.3344250e-01
   2.0000000e+00  -1.3991376e+00  -5.9655249e-01  -1.2822133e+00  -3.8802936e-01  -1.1035461e+00   1.1413830e+00   3.5520309e-01  -1.2353093e+00   4.1300710e-01   3.3457518e-01
   2.0000000e+00   4.6754991e-01   5.4123197e-01  -9.7257117e-01  -4.4833718e-01   1.0363419e+00  -1.5993989e+00   6.0528090e-01  -4.2084806e-01  -2.3337716e-01   1.3784698e+00
   2.0000000e+00  -7.3880419e-01  -6.1458126e-01  -4.2231869e-01  -9.3040626e-01  -4.9342634e-01   9.4220933e-01   9.3660642e-01   9.2526565e-01   6.2230341e-01  -9.7141508e-01
   2.0000000e+00  -7.2268253e-01  -1.3243284e+00   2.2958747e-01   6.6329629e-01  -1.7107160e-01   2.5233029e-01   1.9238645e+00   1.6294570e+00  -1.2396280e+00  -2.6100443e+00
   2.0000000e+00  -2.5181460e-01  -5.8031408e-01  -1.0983883e+00   3.0142345e-01  -3.1488528e-01  -8.4793452e-02  -1.2039555e+00   8.5591034e-01   1.7639467e+00  -1.5393194e+00
   1.0000000e+00   6.6030459e-01   3.7207849e-01   1.6409080e+00  -1.8183290e-01   5.3304946e-01  -7.6386022e-01   1.0236103e+00  -1.3012562e+00  -4.8856869e-01   1.6019333e+00
   2.0000000e+00  -6.8370552e-02   5.0665495e-01  -2.3755081e-01   5.0897264e-01   4.7634767e-01  -9.0640302e-01  -4.0623686e-01  -4.1511751e-04  -1.4510364e+00   1.4665478e-01
   2.0000000e+00  -2.8904148e-02  -1.1931759e+00   1.5993328e-01   1.4837602e-03   1.6839116e+00  -6.3730135e-01  -2.8666343e-01   1.3588261e+00  -3.2583199e-01   1.2604376e+00
   2.0000000e+00  -3.4963825e-01  -2.1061022e-01   1.5415711e+00  -1.3737913e+00  -1.3265994e+00   1.8789065e+00   3.2704307e-01   2.1780913e-01   2.1567342e+00  -2.1101166e-01
   2.0000000e+00  -1.0423633e+00  -1.5426252e+00   1.8529346e+00  -1.9347680e+00  -2.4631507e+00   3.4387703e-01  -3.3132487e-01  -7.3086448e-01  -5.1676546e-02   1.1833734e+00
   2.0000000e+00  -6.2023140e-01   1.0852700e+00  -8.2788947e-01  -1.0726928e+00   2.4932466e-01   7.4262367e-01  -6.2522483e-01   5.9204689e-01  -9.6137239e-01  -4.8829315e-01
   2.0000000e+00  -6.5585852e-02   1.3977402e+00   6.1467769e-01   1.5273043e-01   1.0917595e+00   8.1740982e-01  -1.4950799e+00   6.3671998e-01  -1.7054794e+00   6.7702542e-01
   2.0000000e+00  -8.2768108e-01   2.0786033e-01   1.6611018e+00   1.6901079e-01   6.7527683e-01   1.2023784e+00  -1.5991821e-01  -2.2784218e-01  -1.9843035e-02   3.8895175e-01
   2.0000000e+00   1.0032550e+00  -2.3647017e+00   1.8518439e-01   1.4129469e+00  -9.5835343e-01  -1.8015825e+00   1.0127715e+00   5.8224443e-02  -6.0028009e-01   1.8450751e+00
   2.0000000e+00   4.3073167e-01   1.0918571e+00  -4.8612874e-01  -6.0535291e-01   6.1019917e-01  -1.6166974e-01   8.3552766e-01  -1.6507513e-01   1.4001448e+00  -8.4291001e-01
   2.0000000e+00  -1.2384022e+00   2.5985611e-02   2.4426238e+00   6.8254471e-01  -1.2336749e+00   9.6051444e-01  -1.4499168e-01   2.7442454e-01   1.3064234e+00   1.3085295e+00
   2.0000000e+00   1.7019921e+00   7.6988280e-01  -9.4085283e-01   1.1143577e+00  -7.4028508e-01  -9.9776921e-01  -1.0270800e-01   9.1286263e-01   6.2309650e-01   8.5496472e-02
   2.0000000e+00   8.5538751e-01   1.7502538e+00  -2.5730097e-01   9.1194465e-01  -1.0986874e-01   6.6556246e-01   4.5021013e-01  -2.1955705e+00  -3.2244703e-01  -5.5105852e-01
   1.0000000e+00   1.8550281e+00   3.7344370e-01  -1.6837123e+00   9.3003901e-01   3.3497918e-02  -1.4244575e-01   1.5417927e-01   1.7293353e+00  -3.2904255e-02  -1.8494890e+00
   2.0000000e+00   1.4927965e-01  -1.5034259e-01   3.1298187e+00   1.4020511e-01  -1.5484939e+00   1.9080238e-01   6.2850072e-01  -2.1372763e-01   5.4897027e-01  -4.3757699e-01
   2.0000000e+00   2.9001504e-02  -1.3132597e+00   3.5966619e-01   8.8866770e-01   2.7406193e+00  -1.4504428e+00   2.4028974e-01  -5.2454232e-01   2.8215105e-02   1.1447933e+00
   2.0000000e+00   3.5925975e-01  -7.8056793e-01   4.2136818e-01  -1.1740415e+00  -1.0260357e+00  -7.0582137e-01   1.1906172e-02  -4.7004573e-01  -6.0651230e-01  -8.5519260e-02
   2.0000000e+00  -2.8878827e-01   1.3605621e+00  -1.0983673e+00   6.0682494e-01  -8.6701944e-01   9.3874742e-02  -1.0006205e+00  -2.5399518e-01   1.7367184e-01   1.9368615e+00
   2.0000000e+00  -6.9141075e-01   3.0125995e-01   4.6119663e-01   5.9712726e-01  -1.1125016e+00  -1.1576302e+00  -8.5899138e-01  -1.1911056e+00   1.3655157e+00  -8.4283021e-01
   2.0000000e+00   6.0748793e-01   1.0394145e+00   3.9254963e-01  -1.1115295e+00   1.4991398e+00   5.8174759e-01   4.1733338e-01   2.8863830e-01   1.5357536e+00   1.0363180e+00
   2.0000000e+00   1.0636623e+00  -1.1569573e+00  -1.0263968e+00   1.0133718e+00  -3.3953920e-01  -5.6944270e-01   1.3402202e+00   1.9238075e+00   2.7449077e-01  -3.1234046e-01
   1.0000000e+00   1.7668031e+00   4.1231645e-02  -9.3688330e-01   7.9784828e-01  -4.6540116e-01  -2.2828880e-01  -6.6755466e-01  -1.7118900e+00   1.3455377e+00   1.8723845e-01
   1.0000000e+00   1.6953266e+00   3.2844820e-01  -1.1165730e+00  -1.4598179e+00  -9.3063591e-01  -4.7655461e-01   1.0958706e+00   2.2334347e-01  -1.9447687e+00  -4.8716017e-01
   2.0000000e+00  -8.3470158e-01  -7.3680235e-02  -3.3166092e-01   1.4393885e+00  -7.4312701e-01   5.2303080e-01   2.2877903e+00   1.5784389e+00   4.5530780e-01   1.0885607e+00
   2.0000000e+00  -1.2212709e+00  -8.6556929e-01  -2.5005338e+00   6.0096207e-01   1.0507243e+00   1.2993079e+00   1.1254933e+00   1.1115832e+00  -3.5167721e-02  -6.1959532e-01
   2.0000000e+00  -1.3921181e+00   1.6308131e+00   8.5951603e-01  -1.3016035e+00  -1.4483180e-01  -1.9474725e-01   4.1871956e-01   5.1342227e-01   2.9195788e-01  -3.4013000e-01
   1.0000000e+00   1.2757113e+00   2.8518018e-01   2.1512135e-01  -1.4194716e-01  -2.1659200e+00  -3.1270396e-01   8.3198283e-01   1.0886324e-01  -2.2697687e-01   1.4529505e+00
   2.0000000e+00  -7.1349249e-02   2.6111876e-01  -3.4488368e-01  -1.9386626e-01   5.2504871e-01  -5.8827644e-01  -6.6160540e-01  -4.7932297e-01   8.4683195e-01   1.9955564e+00
   2.0000000e+00  -3.3692146e+00  -1.6988008e+00  -3.3176702e-01  -1.3243606e+00   8.9822951e-02   9.1362362e-02   2.1946291e+00   7.7152830e-01  -1.2817058e+00   1.9476182e+00
   2.0000000e+00  -7.1366475e-01   3.9004612e-01   6.5188647e-02  -5.1049373e-01   5.3536110e-01  -2.4025244e+00  -9.1081947e-01   1.7221253e+00   1.8114001e+00   9.3836948e-01
   2.0000000e+00   3.2050294e-01   1.2034530e+00   7.9217851e-02  -8.7432699e-01  -9.5929533e-01  -8.2317708e-01   1.0783117e+00   1.0514286e+00   6.5672261e-01   9.3807766e-02
   2.0000000e+00   1.7209953e+00  -2.5598791e-01  -2.8960959e-01   2.7628036e-01  -1.7361317e+00   2.4871321e+00   4.5956887e-01  -8.2312975e-01  -7.1988090e-01   3.5011206e-01
   2.0000000e+00   1.3129480e+00   1.3123914e+00   2.2721766e-01  -6.3845822e-01   1.7009742e+00  -5.7264301e-01   7.9524794e-01   1.1643313e+00  -1.1160853e+00  -2.6697118e-01
   2.0000000e+00   9.0583822e-01  -2.1470265e+00   1.7769915e+00  -1.0213415e-01  -1.9383542e-01   9.3309126e-01  -9.6738750e-01  -1.3622064e-02  -1.3958413e+00  -1.2471361e+00
   2.0000000e+00   1.5608327e+00   1.5170206e+00  -7.2058932e-01  -3.9253321e-01  -1.2407880e+00   8.0130669e-01   8.6358210e-01   6.8134966e-01  -1.3340212e-01  -9.4234789e-01
   2.0000000e+00  -9.7296448e-01   5.4798223e-02   2.5213740e+00   1.6654167e+00  -1.1378064e+00  -2.0852287e+00  -5.3266531e-01   8.2477674e-02   4.5919274e-01  -1.2798813e+00
   2.0000000e+00   1.0387682e+00  -9.7880382e-01   8.0091504e-01   1.6745394e+00   1.8211717e+00   1.1915143e+00   7.2893770e-01   3.1928674e-01   6.6005826e-01   1.7639217e-01
   2.0000000e+00   2.4358552e-01  -1.1855227e+00   3.6093205e-02  -6.8818737e-01  -1.0130633e+00   1.9250998e-01   4.8661936e-01   2.1998104e-01  -9.2046809e-01  -8.9505897e-01
   2.0000000e+00   9.5563367e-01  -1.0074039e+00   1.5804096e+00   7.2570740e-01   1.7357970e-01   7.8464291e-02  -4.5372863e-01   6.7955510e-01  -2.7483612e-01  -6.3425384e-01
   2.0000000e+00  -6.1181430e-01  -9.1858561e-01  -5.9085950e-01   1.6115357e+00   9.0564871e-01  -4.2931982e-01  -5.8174329e-01  -4.1590714e-01  -1.1413150e+00  -7.7580036e-01
   2.0000000e+00  -7.0737749e-01  -9.6850644e-01  -5.2636221e-01   1.3704080e-01   1.7706281e-01  -4.1269068e-01  -6.8700955e-01  -9.6538483e-01   5.1054143e-01   1.6225641e-02
   2.0000000e+00  -5.0147588e-01  -3.2245216e-01   2.4861057e+00  -4.4389952e-01   6.3970690e-01  -8.9785006e-01  -9.8598160e-02  -5.1178827e-01   6.1166306e-01   2.0284859e+00
   2.0000000e+00   1.1091630e+00  -9.1613967e-01  -4.0297817e-01  -7.4588867e-01  -1.5745678e+00   2.7888407e-01  -7.2811548e-01   1.4913180e-01  -6.0600056e-01  -1.1828468e-01
   1.0000000e+00   3.3921359e-01   6.1843068e-01  -1.3025267e+00   2.5594065e-01  -1.3939495e+00  -5.6949883e-01  -3.6827257e-01  -1.2193431e+00  -6.2256840e-01   1.7119115e+00
   2.0000000e+00  -5.1717530e-01  -1.3139043e+00   1.1955313e+00   2.2292484e-01   1.8984592e+00   1.0100700e+00   8.1357697e-01  -4.5056458e-01  -1.8285719e+00   1.0230193e+00
   1.0000000e+00   1.2140000e+00   3.7179286e-02   1.5112629e-01   1.7466746e+00   1.8065614e-02  -2.7304957e-01  -4.8899328e-01   3.6071644e-01  -3.6374381e-01  -1.5548062e+00
   2.0000000e+00   2.4774095e+00   8.9014316e-01  -1.9687700e-01  -1.1813430e-01  -7.8095934e-01   1.1814059e+00  -5.2488498e-01  -1.3993407e-01   4.2458681e-01  -7.7234395e-01
   2.0000000e+00  -6.7792039e-01  -9.8907848e-01   3.9669725e-01   2.8802147e-01  -1.6108946e+00   2.4952779e-01   8.5263423e-01   1.8587285e+00  -1.2025533e-01  -7.1470052e-01
   2.0000000e+00   2.8264486e-01   1.7814065e+00  -1.4119481e+00  -1.3134284e-01   9.3544875e-02  -1.7759714e+00   2.6090506e+00   7.1396172e-01  -1.3291615e+00   1.0327409e+00
   1.0000000e+00  -4.5813853e-01   7.2826982e-01  -9.6620955e-03  -1.1752218e+00  -4.1880688e-01   2.4306089e-01   9.9437436e-02   1.1457900e+00   4.1691959e-01  -3.4643576e-02
   2.0000000e+00  -1.6871428e+00  -1.1652297e-02   2.2012660e-01  -1.6784086e+00   6.2489223e-01   8.7179540e-01   2.0468624e+00   7.7865216e-01   4.7541065e-02   3.3101938e-01
   2.0000000e+00  -8.4323354e-01   1.1873206e+00  -4.5439835e-01  -1.1155798e+00  -9.4059373e-01  -3.8934180e-01   8.1436307e-01  -1.1474775e+00   1.1338778e+00  -7.7036549e-01
   2.0000000e+00  -1.1092690e+00   1.4062742e+00   3.6463225e-01  -1.0065250e+00   1.1096240e+00   1.4369493e+00   2.7173204e-01  -7.0705223e-01  -2.7819582e-02  -3.8053919e-01
   2.0000000e+00   1.8862211e-01   1.5162772e+00  -9.0595885e-01  -8.1826036e-04  -3.2504301e-01   1.3280239e-01  -1.7229681e+00   1.2552546e+00  -3.2904335e-01   4.7920055e-01
   2.0000000e+00  -1.2214059e+00  -8.2723910e-01  -1.2778192e+00  -1.0222413e+00   1.3176659e+00  -1.0277160e+00  -9.5516914e-02   1.1751501e+00  -1.6638590e+00  -1.9362798e+00
   1.0000000e+00   1.1307948e-01   6.4603511e-01  -3.0777269e-01  -1.3131304e+00   6.4456553e-01  -3.9000301e-02  -1.6338343e-01  -1.5570893e+00  -8.0401841e-01  -2.4657730e-03
   2.0000000e+00  -9.6370273e-02   1.8267944e+00   8.0432916e-01  -1.1696729e+00   3.4756168e-01   7.1589356e-01  -5.8412567e-01   8.8926882e-01   7.4688072e-02   3.7965565e-01
   2.0000000e+00   9.8727115e-01  -2.2751336e+00   7.0957355e-01  -1.5602801e+00   1.2801714e+00  -3.5535844e-01   9.3967255e-02  -2.2712819e+00  -1.1927237e+00   6.7881899e-01
   1.0000000e+00   7.7335478e-02   6.9288367e-02   7.2938129e-01  -9.1325937e-01  -1.7049407e+00  -5.8596721e-02  -1.1025183e+00  -6.6183475e-01   5.8208141e-01   4.9002516e-01
   2.0000000e+00   4.9943685e-01  -4.4292151e-01   4.8616700e-01   8.9279742e-01  -2.8540159e-01  -2.5103637e-01   1.3358286e+00   4.5997200e-01   9.5618469e-01  -1.0721817e+00
   2.0000000e+00   2.9364698e+00  -6.4727341e-01  -1.8976689e+00   9.6328658e-01  -9.2621071e-02   1.9353339e+00  -2.8622694e+00  -2.0900510e+00   1.2895518e+00  -6.2248786e-01
   1.0000000e+00  -2.2702492e-01   6.5524848e-02   5.8511558e-01   2.1042998e-01   1.7136553e-01   3.8839449e-01   7.9131983e-01   3.5974524e-01  -2.5627949e+00   8.3933186e-02
   2.0000000e+00  -9.8616302e-01   1.0291075e+00   3.0214291e-01   1.2180267e+00   7.1772451e-01   1.4198082e+00   4.0651472e-01  -1.6865102e+00  -2.5954638e-02  -8.5775041e-01
   2.0000000e+00   1.0330715e+00  -8.4200044e-01   9.6248704e-01   2.1779416e-01   1.1505119e+00   1.4351556e-02   1.3341568e-01   1.3754780e-01  -6.5199564e-01  -6.5329226e-01
   2.0000000e+00  -6.8703137e-01  -4.9805078e-01  -1.2978828e-01  -2.2909821e-01   9.4920748e-01   3.8816744e-01   7.9496586e-01  -1.5602463e+00  -6.8028933e-01   1.4471095e+00
   2.0000000e+00   9.2295158e-01   5.4068216e-01  -8.2637684e-03  -1.7472981e-01   1.7005783e-01   6.1161809e-01  -9.9218615e-01  -9.1211233e-01   1.4268769e+00   2.2303236e+00
   2.0000000e+00  -1.2456757e-01  -8.1687494e-01   8.4835454e-01   1.7628243e+00  -8.7878419e-01  -7.1674581e-01   3.7508818e-01   4.0822080e-01   2.3098560e+00  -1.7276293e+00
   2.0000000e+00  -2.1259629e+00  -1.0352768e+00   5.2409210e-01  -7.4389351e-01   5.1693016e-01   1.7181998e+00  -1.0834917e+00   6.3851174e-01   2.3339266e+00  -1.2583780e+00
   2.0000000e+00  -5.7101878e-01  -2.4827948e-03   2.8963475e-01  -2.9733684e-01  -1.6101018e+00   9.2184820e-01  -2.4160930e+00  -1.1148395e+00  -8.8656357e-01   6.4149759e-01
   2.0000000e+00   5.8591465e-01  -8.9001778e-01   7.6586869e-01  -2.3489425e+00   8.8508049e-01   4.5196243e-01  -7.9775527e-03  -2.4621760e-01  -1.5566829e+00  -1.1523807e-01
   1.0000000e+00  -1.3688429e+00   1.2502629e-01   1.6510583e+00   3.1368095e-01   2.4769749e-01   1.2712733e-01  -2.2872023e-01  -4.3948448e-01  -8.2542267e-02  -1.1108864e+00
   2.0000000e+00   3.4693640e-01   1.0031050e+00   1.9715014e-01   1.3322977e+00  -1.0673523e+00  -1.2140605e+00   4.6002436e-02   3.5696703e-01   1.2185328e+00  -3.9394378e-01
   2.0000000e+00  -2.7335652e-02  -6.3597316e-01   1.5663759e+00  -9.2676261e-01  -6.9811245e-01   2.2223289e+00  -1.1932636e-01  -2.0277247e+00  -4.5198773e-01  -7.9329199e-01
   2.0000000e+00   2.5758159e-01  -2.3901826e-01  -7.7880007e-01  -2.2318401e-01  -1.0345921e+00   4.4742986e-01  -2.5330594e-01   3.1683667e-01   1.0306926e-01  -1.5952252e+00
   1.0000000e+00  -2.3736830e+00   7.0600974e-01   4.7378451e-01  -7.6354785e-01   9.3248860e-02   3.9163086e-01   3.9150122e-01   4.4601243e-01   8.8460502e-01   1.5197670e+00
   2.0000000e+00  -6.0322760e-01  -2.3582149e+00   2.6859952e+00  -1.3464476e+00  -1.3377933e+00   1.5706313e-01   8.1939144e-01   1.5191051e+00   8.2777206e-01  -8.9012230e-01
   1.0000000e+00   9.3515334e-02   3.1346588e-01  -1.7406387e+00   1.8508538e+00   2.2761222e+00  -3.5301605e-01  -2.3239299e-02   9.6284314e-01  -1.0963163e+00  -4.6435487e-01
   2.0000000e+00  -3.7660216e-01  -1.3057855e-01   1.3747749e+00  -1.2717919e+00  -1.8893499e-01  -2.4442736e-01  -2.8168451e-01   1.0355424e+00   6.4212002e-01  -2.0226260e-01
   2.0000000e+00   1.2912176e+00   9.3680897e-02   5.4411631e-01   1.6159324e+00   6.4696863e-01  -1.1685651e+00   1.3547438e+00   4.5066289e-01   1.8886858e+00   3.2730205e-01
   2.0000000e+00  -1.6122083e+00   1.5467144e+00   1.8286296e+00  -1.9653462e-01   4.5758373e-01  -1.6421723e+00  -1.7171152e+00  -5.0284435e-01   2.4006779e-01   5.6391144e-01
   2.0000000e+00  -8.1288500e-01  -6.9139348e-01   1.1123085e+00   4.7822688e-01  -1.2692156e-01   6.7517379e-01   1.2709498e+00  -3.6901829e-01  -8.1193884e-01   1.9587719e-01
   2.0000000e+00  -2.4997580e+00  -8.3235645e-01  -1.2920131e-01  -7.3583839e-01  -1.4727114e+00   4.8705473e-01  -9.7786833e-01  -1.2441209e-01   1.1923267e+00   2.5282324e-01
   2.0000000e+00  -8.4374510e-01  -1.1210605e+00   2.4463248e-01  -5.6974301e-02   1.3047256e-01  -4.5818736e-01   2.6826152e-01   1.3735906e+00  -2.9364470e-03  -3.4546753e-01
   1.0000000e+00   5.9017327e-01   6.5255843e-01  -8.0631172e-02   5.8973131e-01   1.4413994e+00  -3.1949617e-01   1.7178417e-01  -2.4701558e+00   1.3993536e-02   1.3127593e+00
   2.0000000e+00  -1.3015469e+00  -7.4808047e-01  -1.4000150e+00   1.2023487e+00  -2.6254532e+00  -9.9488486e-02   1.0135061e-01   1.3801127e-01   1.6537820e+00   1.0991762e+00
   2.0000000e+00   1.5248022e-01  -1.3616052e+00  -1.8587675e-01   9.3151752e-01  -1.7904412e+00  -5.2422283e-01  -2.2206507e+00   1.8110797e-01   6.1441327e-01  -4.0961200e-02
   2.0000000e+00  -1.5698963e+00  -1.6776936e-01  -9.2275817e-01  -9.6408080e-01   8.2070568e-01   3.5424908e-01   5.6007785e-01   3.8954212e-02   9.1373368e-01   3.4832677e-01
   1.0000000e+00   1.5288660e+00   3.7519227e-01   4.0567027e-01   2.8782918e-02  -1.5053502e-02   7.8868651e-01  -1.0617947e-01  -1.8892103e-01  -1.0614804e-01   1.5807831e-01
   2.0000000e+00  -9.0572467e-01  -1.1808289e+00  -1.1218112e-01  -2.7070738e-01  -2.6670798e-01   1.2587196e+00  -9.2637120e-01  -2.2347380e+00  -2.1678794e+00  -9.9382198e-01
   2.0000000e+00   9.3524225e-02  -1.0281014e+00  -7.2807359e-01   6.4595717e-01  -1.4462562e+00  -6.2536019e-01  -6.1838289e-01  -1.6222360e+00   3.8330553e-01  -4.0121765e-02
   2.0000000e+00   2.0592818e-01  -3.9437262e-01   6.4882027e-01  -4.8770552e-01  -5.9812700e-01  -5.8732309e-01   9.6764441e-01   1.4301622e+00  -8.9478468e-01  -1.2608469e+00
   2.0000000e+00  -7.0038144e-01   1.8787066e+00   1.3581817e+00   2.7372008e-01   1.6681300e+00  -1.1964909e+00  -9.8120265e-01   1.7112429e+00  -8.0702007e-02   1.9527038e-01
   2.0000000e+00  -1.2264506e+00  -1.1593937e+00   1.0955810e+00  -4.2290893e-01   6.7862525e-01  -1.1009640e+00  -1.8166768e+00  -1.1250508e+00  -8.2775045e-01  -1.7515143e-01
   2.0000000e+00  -2.4662772e+00  -1.3568144e+00  -5.6567183e-01   3.4885534e-01  -2.1010548e-01   1.4208752e-01   1.3566237e+00  -1.3352203e+00  -2.4171423e+00  -1.8532660e-01
   2.0000000e+00  -1.4453832e+00  -1.3502311e+00  -6.9488790e-01   1.4012577e-01  -1.9160356e+00   3.0066951e-01  -1.0503863e-02  -1.1320674e+00  -7.7342384e-01   1.7849040e+00
   1.0000000e+00   1.6720081e+00   2.1860166e-01  -1.3567356e+00   6.7773623e-01  -9.6603287e-01   2.6785630e-01   1.3857889e+00  -1.4819115e-01   1.3471146e+00  -4.8769883e-01
   2.0000000e+00  -8.5925302e-01  -7.5139434e-01   3.1257078e+00   5.4687883e-01   8.4869998e-01  -2.8029027e-01  -2.1450457e-01  -4.8165072e-01  -1.4326366e+00  -5.5969797e-01
   2.0000000e+00  -4.9674152e-03   9.1168848e-01  -5.5399557e-01  -1.3992949e+00   2.5975660e-01  -2.4832490e-02  -2.0516103e+00   4.7628168e-01   9.5693540e-02   1.9484621e-03
   2.0000000e+00  -1.6180384e+00   7.9888045e-01  -7.7137350e-01  -2.5238037e+00   3.7900230e-01  -5.9244552e-01  -8.5388748e-01  -1.0668301e+00   1.4904841e+00   2.9897325e-01
   2.0000000e+00   1.5001297e+00  -8.3687295e-01  -6.1602303e-01  -4.0819437e-01  -1.8957735e-01  -1.4020263e+00   4.8723190e-01  -4.6087730e-01  -1.0214790e-01  -1.4341721e-01
   2.0000000e+00   6.5375741e-01  -2.6039800e-01   1.1294981e+00   1.8006872e-01   6.1049814e-01   2.4563437e-01   8.5578837e-01  -1.7912555e-01  -4.4300275e-02   2.6669668e-01
   1.0000000e+00  -1.5175113e+00   2.1178214e-01   7.6464136e-01   5.2419286e-01   3.0040959e-01   5.2746170e-01  -2.1015115e+00   1.0906980e+00  -5.6715259e-01   1.9841044e+00
   2.0000000e+00  -1.1970350e-01  -1.9424302e-02  -1.5936653e+00   3.0034921e-01  -7.2158683e-01  -6.3936696e-01  -9.1852122e-03   7.4941326e-01   5.0741037e-01  -7.5429243e-01
   1.0000000e+00   3.4134904e-01   6.6576225e-01  -1.2740144e+00   6.5678073e-01  -6.4182210e-01  -1.9955990e-03   2.3834705e+00   1.8560727e-01  -1.7885705e-01   1.5500430e+00
   2.0000000e+00   1.3498864e+00  -1.0150974e+00  -1.0304037e+00   5.7879080e-01   1.1101015e-01  -6.1683157e-01  -1.0108672e+00   1.5405647e+00   5.9205411e-01  -3.0888069e-01
   1.0000000e+00   7.7007853e-01   1.1454699e-01  -1.5773169e+00   8.6423431e-01  -3.0639989e-01   7.9477438e-01   8.3539707e-01   4.1155794e-01   8.5124898e-01  -1.0936451e+00
   2.0000000e+00   7.1627276e-01   5.9103485e-01  -2.3150054e-01   1.3843464e+00   7.1987571e-01  -1.6791047e+00   8.7086809e-01  -9.1866523e-01  -9.7573131e-01   6.8849515e-01
   2.0000000e+00   3.8023182e-01   1.1498450e+00  -6.5594607e-01   2.4439174e-01  -4.7279441e-01  -2.2510866e+00   8.0783903e-01   1.3248104e+00  -5.3518104e-01  -1.3561716e+00
   1.0000000e+00   2.7353338e-01   1.2219765e-01   9.4882023e-01   5.7052604e-01   1.2739147e+00   3.1721762e-01   2.0573126e+00   1.1858397e-01   8.0820790e-01   5.8282708e-01
   1.0000000e+00  -1.5020300e+00   7.1096354e-01   1.9290812e+00  -7.3017122e-01   6.7432512e-01   4.1916253e-01  -1.1573575e+00  -1.0636551e+00   7.3082112e-01   1.7448788e-01
   2.0000000e+00   8.5791806e-01   1.2991808e+00   1.0212144e-01   1.1519513e-02   1.1020233e+00  -1.0929116e+00   4.3069844e-01  -1.2391192e-01   1.6150840e+00  -8.5629568e-01
   2.0000000e+00  -7.5369177e-01  -3.8938169e-01  -1.1567918e+00  -1.0064314e+00  -6.8780351e-01   2.4031488e+00   4.5232635e-01   5.9020773e-02  -8.4514670e-01   7.5849875e-01
   1.0000000e+00   4.1718306e-01   1.6949778e-02  -6.3679241e-01  -8.3148430e-01   4.5328884e-01  -5.1478556e-01   6.4481652e-02  -7.4471588e-01   1.9473606e+00  -2.9874220e-01
   2.0000000e+00  -1.7764674e+00  -7.1725525e-01  -9.7942819e-01   1.4526517e+00   8.3368642e-01   7.3759426e-01  -1.4588584e-02   1.5615058e+00   1.0228510e-01   5.8217467e-01
   2.0000000e+00   2.0573370e+00  -5.3098408e-01  -1.2834179e+00   1.9247369e-02   1.1724811e+00   6.3204882e-01   1.1827222e+00  -1.6856104e+00   1.0725831e-01  -6.7021964e-02
   1.0000000e+00  -8.5568513e-01   6.7131076e-01   3.7697536e-01   1.5104517e+00  -6.7036170e-01   3.7843231e-01   3.3953841e-01   3.4886370e-01   2.3135931e-01  -1.4758676e+00
   2.0000000e+00  -2.0903515e+00  -1.0230777e+00  -2.9183052e-01   2.2914696e-01   1.3111330e+00   1.4451764e+00   3.8030277e-01   8.5719772e-01   1.8644240e+00   1.0695828e+00
   2.0000000e+00  -3.8531141e-02  -1.8717932e+00   1.1833569e+00  -1.3427913e+00   3.5707123e-01   6.4238328e-01  -1.5305006e+00   4.2207648e-01  -7.3658874e-01   5.6491811e-01
   2.0000000e+00   3.1498129e-01  -7.3538041e-01  -9.5030654e-01  -2.1831160e-01   5.6219689e-01  -4.8682210e-02   1.6429730e-01   2.7733546e-01   8.4325273e-01   1.4632178e-01
   2.0000000e+00   3.8513149e-01  -5.2399774e-01  -1.2069896e+00   1.6242876e+00  -8.3675316e-02   9.6912188e-01   3.7577821e-01   1.2416840e-01   2.4585464e-01   3.1908863e-01
   2.0000000e+00  -1.4337174e+00   6.9870361e-02   1.0926434e-01  -1.1450089e+00   1.4248031e-01  -9.9211518e-01   4.8077443e-01  -1.1041847e+00  -1.3875222e+00  -1.2949784e+00
   1.0000000e+00   3.6889387e-01   5.7581938e-01  -1.8939891e-01   8.1405842e-03   9.3945630e-01  -3.8493848e-01   9.4004598e-02   9.4712203e-01  -7.7725995e-01  -4.8761027e-01
